City	Date	SSC	Date	Mo=W+M	65+	W	M	DIS offensife(1,2,3 etc) non-offensive(0)	day of the season	T	Td	AT	T-AT
KHB	20000601	1	01.06.2000	28	11	12	16	0	32	17,7	7,0	21,1	3,4
KHB	20000602	2	02.06.2000	28	10	12	16	0	33	16,7	12,0	21,6	4,9
KHB	20000603	1	03.06.2000	10	2	6	4	0	34	19,1	11,0	23,6	4,5
KHB	20000604	1	04.06.2000	20	9	4	16	0	35	23,5	10,0	27,7	4,2
KHB	20000605	4	05.06.2000	25	12	13	12	0	36	22,7	10,0	26,9	4,2
KHB	20000606	7	06.06.2000	17	9	7	10	0	37	10,4	5,0	13,5	3,1
KHB	20000607	5	07.06.2000	22	13	13	9	0	38	10,9	5,0	13,9	3,0
KHB	20000608	2	08.06.2000	17	9	8	9	0	39	17,2	5,0	20,2	3,0
KHB	20000609	2	09.06.2000	18	7	6	12	0	40	17,8	7,0	21,2	3,4
KHB	20000610	1	10.06.2000	21	7	6	15	0	41	19	7,0	22,4	3,4
KHB	20000611	1	11.06.2000	22	10	9	13	0	42	23,7	12,0	28,6	4,9
KHB	20000612	7	12.06.2000	16	7	8	8	0	43	25,5	14,0	31,2	5,7
KHB	20000613	3	13.06.2000	20	11	10	10	1	44	21	7,0	24,4	3,4
KHB	20000614	1	14.06.2000	29	17	14	15	0	45	21,7	8,0	25,3	3,6
KHB	20000615	1	15.06.2000	28	13	17	11	0	46	25,2	9,0	29,1	3,9
KHB	20000616	1	16.06.2000	29	15	11	18	0	47	25,8	14,0	31,5	5,7
KHB	20000617	3	17.06.2000	18	10	10	8	1	48	24,1	5,9	27,2	3,1
KHB	20000618	4	18.06.2000	16	11	11	5	0	49	13,1	12,0	18,0	4,9
KHB	20000619	4	19.06.2000	16	9	8	8	0	50	15,2	9,0	19,1	3,9
KHB	20000620	2	20.06.2000	19	13	8	11	0	51	19,6	13,0	24,9	5,3
KHB	20000621	4	21.06.2000	16	8	6	10	0	52	15,3	10,0	19,5	4,2
KHB	20000622	1	22.06.2000	21	8	10	11	0	53	20,5	14,0	26,2	5,7
KHB	20000623	1	23.06.2000	26	16	15	11	0	54	29,9	17,0	37,1	7,2
KHB	20000624	6	24.06.2000	28	13	11	17	0	55	29,8	15,0	35,9	6,1
KHB	20000625	6	25.06.2000	29	7	10	19	0	56	27,2	16,0	33,9	6,7
KHB	20000626	6	26.06.2000	11	4	3	8	0	57	23,8	18,0	31,6	7,8
KHB	20000627	6	27.06.2000	20	14	11	9	0	58	23,6	17,0	30,8	7,2
KHB	20000628	4	28.06.2000	17	3	5	12	0	59	21,3	17,0	28,5	7,2
KHB	20000629	4	29.06.2000	18	9	11	7	0	60	19,9	15,0	26,1	6,2
KHB	20000630	4	30.06.2000	21	7	7	14	0	61	19,1	13,0	24,4	5,3
KHB	20000701	4	01.07.2000	20	5	7	13	0	62	19,2	13,0	24,5	5,3
KHB	20000702	1	02.07.2000	19	7	7	12	0	63	25,4	17,0	32,6	7,2
KHB	20000703	3	03.07.2000	30	10	10	20	1	64	28,8	19,0	37,1	8,3
KHB	20000704	3	04.07.2000	28	12	13	15	2	65	30,7	19,0	39,0	8,3
KHB	20000705	4	05.07.2000	25	6	12	13	0	66	21,7	18,0	29,5	7,8
KHB	20000706	6	06.07.2000	24	11	12	12	0	67	23,6	19,0	32,0	8,4
KHB	20000707	4	07.07.2000	21	8	11	10	0	68	27,8	21,0	37,4	9,6
KHB	20000708	3	08.07.2000	21	6	9	12	1	69	26,1	16,0	32,8	6,7
KHB	20000709	3	09.07.2000	20	12	7	13	2	70	29,1	14,0	34,8	5,7
KHB	20000710	3	10.07.2000	28	13	14	14	3	71	34	19,0	42,3	8,3
KHB	20000711	3	11.07.2000	29	12	13	16	4	72	32,2	18,0	39,9	7,7
KHB	20000712	3	12.07.2000	28	19	17	11	5	73	28	21,0	37,6	9,6
KHB	20000713	4	13.07.2000	21	11	8	13	0	74	19,2	18,0	27,0	7,8
KHB	20000714	4	14.07.2000	19	10	9	10	0	75	21	18,0	28,8	7,8
KHB	20000715	4	15.07.2000	22	8	7	15	0	76	23	17,0	30,2	7,2
KHB	20000716	4	16.07.2000	29	11	15	14	0	77	22,3	16,0	29,0	6,7
KHB	20000717	4	17.07.2000	15	8	6	9	0	78	20,3	13,0	25,6	5,3
KHB	20000718	2	18.07.2000	27	13	10	17	0	79	20,8	11,0	25,3	4,5
KHB	20000719	2	19.07.2000	19	8	6	13	0	80	22,7	11,0	27,2	4,5
KHB	20000720	1	20.07.2000	18	6	8	10	0	81	26,3	15,0	32,4	6,1
KHB	20000721	7	21.07.2000	17	10	8	9	0	82	20,6	20,6	30,0	9,4
KHB	20000722	7	22.07.2000	16	5	5	11	0	83	22,5	18,0	30,3	7,8
KHB	20000723	4	23.07.2000	18	8	6	12	0	84	23,8	19,0	32,2	8,4
KHB	20000724	4	24.07.2000	17	4	2	15	0	85	24,6	18,0	32,4	7,8
KHB	20000725	4	25.07.2000	16	8	7	9	0	86	21	19,0	29,4	8,4
KHB	20000726	4	26.07.2000	21	6	9	12	0	87	23,1	16,0	29,8	6,7
KHB	20000727	4	27.07.2000	20	8	5	15	0	88	24,7	16,0	31,4	6,7
KHB	20000728	4	28.07.2000	29	11	9	20	0	89	25,3	18,0	33,0	7,7
KHB	20000729	4	29.07.2000	13	6	7	6	0	90	23	18,0	30,8	7,8
KHB	20000730	5	30.07.2000	16	9	7	9	0	91	18,9	18,9	27,2	8,3
KHB	20000731	4	31.07.2000	28	12	8	20	0	92	20,6	19,0	29,0	8,4
KHB	20000801	4	01.08.2000	18	6	6	12	0	93	21,6	19,0	30,0	8,4
KHB	20000802	6	02.08.2000	21	13	14	7	0	94	24,8	18,0	32,6	7,8
KHB	20000803	6	03.08.2000	21	4	11	10	0	95	26,3	18,0	34,0	7,7
KHB	20000804	6	04.08.2000	13	3	4	9	0	96	27,8	19,0	36,2	8,4
KHB	20000805	6	05.08.2000	26	13	12	14	0	97	28,6	22,0	38,9	10,3
KHB	20000806	6	06.08.2000	22	10	6	16	0	98	27,2	20,0	36,2	9,0
KHB	20000807	66	07.08.2000	34	18	16	18	1	99	27,5	22,0	37,8	10,3
KHB	20000808	6	08.08.2000	18	9	10	8	0	100	25,2	17,0	32,4	7,2
KHB	20000809	7	09.08.2000	22	8	7	15	0	101	27,8	22,0	38,1	10,3
KHB	20000810	7	10.08.2000	17	2	5	12	0	102	25,4	20,0	34,4	9,0
KHB	20000811	6	11.08.2000	15	7	8	7	0	103	24,4	16,0	31,1	6,7
KHB	20000812	6	12.08.2000	16	2	6	10	0	104	26,7	20,0	35,7	9,0
KHB	20000813	3	13.08.2000	22	10	11	11	0	105	28	21,0	37,6	9,6
KHB	20000814	66	14.08.2000	16	9	7	9	1	106	28,6	20,0	37,6	9,0
KHB	20000815	4	15.08.2000	22	11	8	14	0	107	20,4	20,4	29,7	9,3
KHB	20000816	3	16.08.2000	17	10	5	12	1	108	27,3	21,0	36,9	9,6
KHB	20000817	66	17.08.2000	31	19	19	12	2	109	27,1	22,0	37,4	10,3
KHB	20000818	3	18.08.2000	24	14	11	13	3	110	24,2	14,0	29,9	5,7
KHB	20000819	3	19.08.2000	15	8	7	8	4	111	25,5	16,0	32,2	6,7
KHB	20000820	1	20.08.2000	23	9	6	17	0	112	25,6	16,0	32,3	6,7
KHB	20000821	4	21.08.2000	16	8	7	9	0	113	23,2	19,0	31,6	8,4
KHB	20000822	4	22.08.2000	16	5	11	5	0	114	21,4	19,0	29,8	8,4
KHB	20000823	4	23.08.2000	13	7	5	8	0	115	22,8	19,0	31,2	8,4
KHB	20000824	4	24.08.2000	15	7	10	5	0	116	17,8	17,8	25,5	7,7
KHB	20000825	4	25.08.2000	19	9	8	11	0	117	16,3	16,3	23,2	6,9
KHB	20000826	4	26.08.2000	27	11	15	12	0	118	18	15,0	24,2	6,2
KHB	20000827	4	27.08.2000	21	9	10	11	0	119	19,9	14,0	25,7	5,8
KHB	20000828	1	28.08.2000	33	10	12	21	0	120	23,5	17,0	30,7	7,2
KHB	20000829	4	29.08.2000	19	9	7	12	0	121	22,9	17,0	30,1	7,2
KHB	20000830	4	30.08.2000	23	5	4	19	0	122	21,8	19,0	30,2	8,4
KHB	20000831	6	31.08.2000	13	6	5	8	0	123	25,4	21,0	35,1	9,7
KHB	20010601	0	01.06.2001	17	8	9	8	0	32	23	2,5	25,7	2,7
KHB	20010602	1	02.06.2001	25	10	10	15	0	33	25	8,9	28,8	3,8
KHB	20010603	8	03.06.2001	34	14	18	16	0	34	21	4,1	23,9	2,9
KHB	20010604	8	04.06.2001	28	16	12	16	0	35	24		26,6	2,6
KHB	20010605	3	05.06.2001	19	8	9	10	1	36	30	15,7	36,5	6,5
KHB	20010606	7	06.06.2001	36	15	14	22	0	37	18	4,6	20,9	2,9
KHB	20010607	1	07.06.2001	19	7	6	13	0	38	19	1,5	21,6	2,6
KHB	20010608	1	08.06.2001	18	8	9	9	0	39	22	4,1	24,9	2,9
KHB	20010609	4	09.06.2001	27	12	8	19	0	40	16	12,7	21,2	5,2
KHB	20010610	1	10.06.2001	16	6	5	11	0	41	20	1,9	22,7	2,7
KHB	20010611	2	11.06.2001	19	10	7	12	0	42	16	3,4	18,8	2,8
KHB	20010612	2	12.06.2001	22	8	5	17	0	43	15	7,3	18,5	3,5
KHB	20010613	0	13.06.2001	17	8	7	10	0	44			2,7	2,7
KHB	20010614	1	14.06.2001	26	14	15	11	0	45	21	8,6	24,8	3,8
KHB	20010615	0	15.06.2001	22	8	7	15	0	46	25	11,6	29,7	4,7
KHB	20010616	1	16.06.2001	22	12	12	10	0	47	27	12,6	32,1	5,1
KHB	20010617	3	17.06.2001	18	8	10	8	1	48	31	11,4	35,6	4,6
KHB	20010618	0	18.06.2001	26	11	12	14	0	49	23	15,6	29,5	6,5
KHB	20010619	0	19.06.2001	26	12	10	16	0	50	18	7,1	21,4	3,4
KHB	20010620	2	20.06.2001	24	9	7	17	0	51	16	5,3	19,1	3,1
KHB	20010621	1	21.06.2001	26	14	12	14	0	52	21	8,6	24,8	3,8
KHB	20010622	1	22.06.2001	23	13	10	13	0	53	29	5,1	32,0	3,0
KHB	20010623	3	23.06.2001	26	14	14	12	1	54	29	10,2	33,2	4,2
KHB	20010624	6	24.06.2001	21	6	6	15	0	55	27	17,5	34,4	7,4
KHB	20010625	1	25.06.2001	23	12	8	15	0	56	26	7,6	29,5	3,5
KHB	20010626	6	26.06.2001	19	7	6	13	0	57	25	22,7	35,8	10,8
KHB	20010627	4	27.06.2001	31	12	19	12	0	58	22	18,4	30,0	8,0
KHB	20010628	5	28.06.2001	16	9	10	6	0	59	19	13,4	24,5	5,5
KHB	20010629	5	29.06.2001	23	7	5	18	0	60	14	7,8	17,6	3,6
KHB	20010630	2	30.06.2001	15	4	8	7	0	61	21	10,2	25,3	4,3
KHB	20010701	2	01.07.2001	20	10	9	11	0	62	21	12,7	26,2	5,2
KHB	20010702	0	02.07.2001	27	14	10	17	0	63	24	13,2	29,4	5,4
KHB	20010703	0	03.07.2001	22	9	10	12	0	64	22	19,4	30,6	8,6
KHB	20010704	4	04.07.2001	30	15	12	18	0	65	23	17,0	30,2	7,2
KHB	20010705	1	05.07.2001	23	10	14	9	0	66	25	15,0	31,2	6,2
KHB	20010706	0	06.07.2001	23	8	12	11	0	67			2,7	2,7
KHB	20010707	4	07.07.2001	24	16	11	13	0	68	23	15,1	29,2	6,2
KHB	20010708	0	08.07.2001	21	9	9	12	0	69	25	7,6	28,5	3,5
KHB	20010709	0	09.07.2001	34	17	13	21	0	70	28	20,0	37,0	9,0
KHB	20010710	4	10.07.2001	21	10	10	11	0	71	21	19,5	29,7	8,7
KHB	20010711	4	11.07.2001	26	13	7	19	0	72	26	19,4	34,6	8,6
KHB	20010712	0	12.07.2001	24	12	12	12	0	73	17	15,2	23,3	6,3
KHB	20010713	0	13.07.2001	28	14	11	17	0	74	16	15,0	22,2	6,2
KHB	20010714	5	14.07.2001	15	6	9	6	0	75	20	16,6	27,0	7,0
KHB	20010715	4	15.07.2001	28	17	12	16	0	76	22	17,2	29,3	7,3
KHB	20010716	2	16.07.2001	27	9	14	13	0	77	22	15,4	28,4	6,4
KHB	20010717	1	17.07.2001	21	7	11	10	0	78	27	18,6	35,1	8,1
KHB	20010718	1	18.07.2001	23	13	7	16	0	79	28	17,8	35,6	7,6
KHB	20010719	0	19.07.2001	28	12	12	16	0	80	30	18,4	38,0	8,0
KHB	20010720	4	20.07.2001	24	12	13	11	0	81	26	20,8	35,5	9,5
KHB	20010721	4	21.07.2001	22	9	10	12	0	82	26	18,9	34,3	8,3
KHB	20010722	1	22.07.2001	25	10	15	10	0	83	30	19,7	38,7	8,7
KHB	20010723	4	23.07.2001	34	10	16	18	0	84	27	21,3	36,8	9,8
KHB	20010724	0	24.07.2001	13	5	6	7	0	85			2,7	2,7
KHB	20010725	0	25.07.2001	20	10	9	11	0	86	27	19,6	35,7	8,7
KHB	20010726	0	26.07.2001	19	9	9	10	0	87	27	15,4	33,3	6,3
KHB	20010727	0	27.07.2001	23	8	13	10	0	88	20	15,6	26,5	6,5
KHB	20010728	0	28.07.2001	22	6	9	13	0	89	24	18,2	31,9	7,9
KHB	20010729	0	29.07.2001	21	8	14	7	0	90	21	18,6	29,1	8,1
KHB	20010730	4	30.07.2001	15	7	4	11	0	91	20	18,8	28,3	8,3
KHB	20010731	4	31.07.2001	25	11	13	12	0	92	24	19,3	32,5	8,5
KHB	20010801	1	01.08.2001	12	6	6	6	0	93	26	15,4	32,3	6,3
KHB	20010802	4	02.08.2001	19	13	10	9	0	94	20	15,8	26,6	6,6
KHB	20010803	1	03.08.2001	27	17	12	15	0	95	27	16,6	34,0	7,0
KHB	20010804	6	04.08.2001	28	15	11	17	0	96	29	19,0	37,3	8,3
KHB	20010805	6	05.08.2001	26	11	14	12	0	97	30	18,1	37,8	7,8
KHB	20010806	4	06.08.2001	28	11	15	13	0	98	26	20,8	35,5	9,5
KHB	20010807	4	07.08.2001	26	9	10	16	0	99	21	18,8	29,2	8,2
KHB	20010808	5	08.08.2001	14	4	6	8	0	100	17	16,4	23,9	6,9
KHB	20010809	0	09.08.2001	14	6	3	11	0	101			2,7	2,7
KHB	20010810	5	10.08.2001	21	10	7	14	0	102	19	17,0	26,2	7,2
KHB	20010811	1	11.08.2001	22	11	10	12	0	103	25	15,9	31,6	6,6
KHB	20010812	1	12.08.2001	17	6	10	7	0	104	29	19,9	37,9	8,9
KHB	20010813	0	13.08.2001	30	15	14	16	0	105			2,7	2,7
KHB	20010814	3	14.08.2001	27	14	15	12	1	106	31	18,4	38,9	7,9
KHB	20010815	4	15.08.2001	19	9	10	9	0	107	25	21,3	34,8	9,8
KHB	20010816	66	16.08.2001	22	9	11	11	1	108	30	18,4	38,0	8,0
KHB	20010817	1	17.08.2001	27	11	10	17	0	109	26	12,1	30,9	4,9
KHB	20010818	1	18.08.2001	19	10	9	10	0	110	29	10,6	33,4	4,4
KHB	20010819	4	19.08.2001	18	7	8	10	0	111	26	21,0	35,6	9,6
KHB	20010820	4	20.08.2001	25	12	13	12	0	112	24	23,1	35,1	11,1
KHB	20010821	0	21.08.2001	23	9	12	11	0	113	22		24,6	2,6
KHB	20010822	4	22.08.2001	27	10	9	18	0	114	20	17,0	27,2	7,2
KHB	20010823	4	23.08.2001	11	4	6	5	0	115	23	18,1	30,8	7,8
KHB	20010824	0	24.08.2001	23	9	8	15	0	116	18	17,4	25,4	7,4
KHB	20010825	5	25.08.2001	15	7	7	8	0	117	19	15,3	25,3	6,3
KHB	20010826	1	26.08.2001	17	7	6	11	0	118	22	11,7	26,8	4,8
KHB	20010827	0	27.08.2001	24	12	12	12	0	119	23	3,5	25,8	2,8
KHB	20010828	1	28.08.2001	19	9	7	12	0	120	24	10,3	28,3	4,3
KHB	20010829	1	29.08.2001	19	10	7	12	0	121	26	11,0	30,5	4,5
KHB	20010830	1	30.08.2001	16	10	6	10	0	122	26	12,8	31,2	5,2
KHB	20010831	5	31.08.2001	21	10	11	10	0	123	15	11,2	19,6	4,6
KHB	20020601	1	01.06.2002	22	11	8	14	0	32	19	6,8	22,3	3,3
KHB	20020602	4	02.06.2002	18	9	6	12	0	33	19	8,4	22,7	3,7
KHB	20020603	1	03.06.2002	20	10	6	14	0	34	21	7,6	24,5	3,5
KHB	20020604	0	04.06.2002	25	14	14	11	0	35	24	6,7	27,3	3,3
KHB	20020605	0	05.06.2002	15	11	2	13	0	36	29	10,6	33,4	4,4
KHB	20020606	6	06.06.2002	31	12	13	18	0	37	24	18,4	32,0	8,0
KHB	20020607	0	07.06.2002	22	13	6	16	0	38	23	12,3	28,0	5,0
KHB	20020608	0	08.06.2002	25	16	13	12	0	39	16	8,5	19,8	3,8
KHB	20020609	0	09.06.2002	17	8	7	10	0	40	20	6,7	23,3	3,3
KHB	20020610	2	10.06.2002	22	12	13	9	0	41	18	4,2	20,9	2,9
KHB	20020611	0	11.06.2002	27	13	8	19	0	42	19	10,6	23,4	4,4
KHB	20020612	0	12.06.2002	21	11	14	7	0	43	18	10,4	22,3	4,3
KHB	20020613	1	13.06.2002	30	13	13	17	0	44	20	9,9	24,2	4,2
KHB	20020614	1	14.06.2002	24	9	9	15	0	45	22	13,1	27,3	5,3
KHB	20020615	0	15.06.2002	23	12	12	11	0	46			2,7	2,7
KHB	20020616	6	16.06.2002	27	10	12	15	0	47	24	13,8	29,6	5,6
KHB	20020617	6	17.06.2002	22	12	11	11	0	48	24	17,3	31,3	7,3
KHB	20020618	4	18.06.2002	20	7	7	13	0	49	21	14,6	27,0	6,0
KHB	20020619	0	19.06.2002	19	7	9	10	0	50	21	14,2	26,8	5,8
KHB	20020620	4	20.06.2002	31	21	14	17	0	51	19	9,8	23,1	4,1
KHB	20020621	2	21.06.2002	13	6	7	6	0	52	19	7,1	22,4	3,4
KHB	20020622	0	22.06.2002	21	7	6	15	0	53	17	10,6	21,4	4,4
KHB	20020623	1	23.06.2002	23	9	10	13	0	54	21	8,0	24,6	3,6
KHB	20020624	1	24.06.2002	23	12	13	10	0	55	27	6,4	30,2	3,2
KHB	20020625	1	25.06.2002	23	15	11	12	0	56	26	8,0	29,6	3,6
KHB	20020626	1	26.06.2002	21	11	4	17	0	57	25	11,2	29,6	4,6
KHB	20020627	0	27.06.2002	16	7	5	11	0	58	26	16,5	32,9	6,9
KHB	20020628	0	28.06.2002	19	9	8	11	0	59			2,7	2,7
KHB	20020629	4	29.06.2002	24	8	16	8	0	60	22	15,8	28,6	6,6
KHB	20020630	1	30.06.2002	24	13	12	12	0	61	26	16,0	32,6	6,6
KHB	20020701	0	01.07.2002	19	7	7	12	0	62	26	21,2	35,8	9,8
KHB	20020702	0	02.07.2002	14	7	9	5	0	63	23	19,8	31,8	8,8
KHB	20020703	4	03.07.2002	25	10	8	17	0	64	22	19,0	30,3	8,3
KHB	20020704	5	04.07.2002	19	10	8	11	0	65	14	13,7	19,6	5,6
KHB	20020705	4	05.07.2002	21	11	8	13	0	66	21	12,7	26,2	5,2
KHB	20020706	1	06.07.2002	23	16	14	9	0	67	27	14,1	32,7	5,7
KHB	20020707	0	07.07.2002	22	6	10	12	0	68	26	14,5	31,9	5,9
KHB	20020708	0	08.07.2002	23	12	10	13	0	69	29	18,7	37,2	8,2
KHB	20020709	0	09.07.2002	21	9	10	11	0	70	23	22,2	33,4	10,4
KHB	20020710	6	10.07.2002	16	9	6	10	0	71	27	22,4	37,6	10,6
KHB	20020711	4	11.07.2002	20	8	9	11	0	72	25	17,5	32,4	7,4
KHB	20020712	0	12.07.2002	24	11	11	13	0	73	18	17,2	25,3	7,3
KHB	20020713	5	13.07.2002	21	10	7	14	0	74	16	11,6	20,8	4,8
KHB	20020714	0	14.07.2002	24	12	11	13	0	75			2,7	2,7
KHB	20020715	0	15.07.2002	20	10	9	11	0	76	22	16,5	28,9	6,9
KHB	20020716	0	16.07.2002	21	6	7	14	0	77	25	18,0	32,7	7,7
KHB	20020717	0	17.07.2002	23	12	12	11	0	78	26	17,4	33,4	7,4
KHB	20020718	0	18.07.2002	33	15	20	13	0	79	29	16,5	35,9	6,9
KHB	20020719	4	19.07.2002	22	11	10	12	0	80	21	18,6	29,1	8,1
KHB	20020720	2	20.07.2002	21	12	13	8	0	81	21	13,9	26,7	5,7
KHB	20020721	1	21.07.2002	16	9	7	9	0	82	27	15,4	33,3	6,3
KHB	20020722	1	22.07.2002	19	11	10	9	0	83	25	14,2	30,8	5,8
KHB	20020723	0	23.07.2002	20	9	10	10	0	84	25	12,9	30,2	5,2
KHB	20020724	5	24.07.2002	18	9	11	7	0	85	17	16,4	23,9	6,9
KHB	20020725	5	25.07.2002	19	7	8	11	0	86	19	17,7	26,6	7,6
KHB	20020726	5	26.07.2002	16	7	6	10	0	87	21	16,0	27,7	6,7
KHB	20020727	1	27.07.2002	27	13	11	16	0	88	26	17,4	33,4	7,4
KHB	20020728	1	28.07.2002	34	14	20	14	0	89	26	19,2	34,4	8,4
KHB	20020729	4	29.07.2002	26	12	9	17	0	90	21	19,5	29,7	8,7
KHB	20020730	1	30.07.2002	21	10	8	13	0	91	28	15,3	34,3	6,3
KHB	20020731	4	31.07.2002	20	10	10	10	0	92	22	20,6	31,4	9,4
KHB	20020801	1	01.08.2002	22	7	10	12	0	93	29	16,9	36,1	7,1
KHB	20020802	6	02.08.2002	23	12	6	17	0	94	29	19,3	37,5	8,5
KHB	20020803	6	03.08.2002	25	9	7	18	0	95	26	17,9	33,7	7,7
KHB	20020804	7	04.08.2002	23	9	9	14	0	96	17	14,5	23,0	6,0
KHB	20020805	5	05.08.2002	26	9	11	15	0	97	20	13,2	25,4	5,4
KHB	20020806	2	06.08.2002	17	8	6	11	0	98	18	10,6	22,4	4,4
KHB	20020807	2	07.08.2002	25	11	10	15	0	99	21	10,8	25,5	4,5
KHB	20020808	1	08.08.2002	30	12	14	16	0	100	22	9,5	26,0	4,0
KHB	20020809	0	09.08.2002	21	9	9	12	0	101	24	9,9	28,2	4,2
KHB	20020810	1	10.08.2002	16	7	5	11	0	102	26	15,4	32,3	6,3
KHB	20020811	1	11.08.2002	25	8	6	19	0	103	28	15,3	34,3	6,3
KHB	20020812	6	12.08.2002	20	11	12	8	0	104	28	14,6	34,0	6,0
KHB	20020813	0	13.08.2002	27	10	11	16	0	105	22	18,4	30,0	8,0
KHB	20020814	4	14.08.2002	28	17	14	14	0	106	21	18,4	29,0	8,0
KHB	20020815	5	15.08.2002	21	10	10	11	0	107	17	12,3	22,1	5,1
KHB	20020816	0	16.08.2002	15	4	2	13	0	108	17	12,7	22,2	5,2
KHB	20020817	0	17.08.2002	11	7	4	7	0	109	13	12,7	18,2	5,2
KHB	20020818	5	18.08.2002	25	11	7	18	0	110	17	14,5	23,0	6,0
KHB	20020819	0	19.08.2002	22	13	11	11	0	111	18	11,8	22,8	4,8
KHB	20020820	5	20.08.2002	34	14	12	22	0	112	18	11,1	22,6	4,6
KHB	20020821	0	21.08.2002	21	7	11	10	0	113	19	12,5	24,1	5,1
KHB	20020822	0	22.08.2002	22	11	10	12	0	114	19	13,2	24,4	5,4
KHB	20020823	0	23.08.2002	22	8	9	13	0	115	20	15,0	26,2	6,2
KHB	20020824	4	24.08.2002	29	11	9	20	0	116	21	13,7	26,6	5,6
KHB	20020825	1	25.08.2002	23	18	13	10	0	117	23	15,6	29,5	6,5
KHB	20020826	0	26.08.2002	19	8	6	13	0	118	22	17,2	29,3	7,3
KHB	20020827	4	27.08.2002	19	13	8	11	0	119	22	19,0	30,3	8,3
KHB	20020828	0	28.08.2002	21	9	8	13	0	120	22	19,0	30,3	8,3
KHB	20020829	4	29.08.2002	28	14	7	21	0	121	25	18,0	32,7	7,7
KHB	20020830	4	30.08.2002	23	10	14	9	0	122	24	19,1	32,4	8,4
KHB	20020831	1	31.08.2002	20	11	8	12	0	123	26	10,2	30,2	4,2
KHB	20030601	2	01.06.2003	24	10	5	19	0	32	18	7,1	21,4	3,4
KHB	20030602	3	02.06.2003	25	8	8	17	1	33	26	4,5	28,9	2,9
KHB	20030603	1	03.06.2003	24	13	9	15	0	34	19	2,4	21,7	2,7
KHB	20030604	2	04.06.2003	20	15	10	10	0	35	17	0,6	19,6	2,6
KHB	20030605	0	05.06.2003	22	10	7	15	0	36			2,7	2,7
KHB	20030606	3	06.06.2003	23	10	7	16	1	37	27	14,4	32,9	5,9
KHB	20030607	3	07.06.2003	29	12	15	14	2	38	28	12,0	32,8	4,8
KHB	20030608	0	08.06.2003	22	9	7	15	0	39	24	13,8	29,6	5,6
KHB	20030609	0	09.06.2003	26	17	13	13	0	40	20	15,0	26,2	6,2
KHB	20030610	0	10.06.2003	33	13	13	20	0	41	25	3,6	27,8	2,8
KHB	20030611	3	11.06.2003	27	10	12	15	1	42	29	9,2	32,9	3,9
KHB	20030612	3	12.06.2003	14	6	8	6	2	43	30	12,0	34,8	4,8
KHB	20030613	0	13.06.2003	21	8	6	15	0	44	20	13,0	25,3	5,3
KHB	20030614	0	14.06.2003	19	10	9	10	0	45	23	3,0	25,7	2,7
KHB	20030615	1	15.06.2003	24	9	6	18	0	46	23	9,8	27,1	4,1
KHB	20030616	4	16.06.2003	24	15	8	16	0	47	17	14,5	23,0	6,0
KHB	20030617	1	17.06.2003	23	12	9	14	0	48	24	14,1	29,8	5,8
KHB	20030618	6	18.06.2003	25	10	11	14	0	49	30	13,7	35,6	5,6
KHB	20030619	6	19.06.2003	31	18	15	16	0	50	30	13,3	35,4	5,4
KHB	20030620	3	20.06.2003	29	15	10	19	1	51	29	16,2	35,7	6,7
KHB	20030621	1	21.06.2003	24	10	7	17	0	52	27	11,9	31,8	4,8
KHB	20030622	3	22.06.2003	30	14	17	13	1	53	30	18,1	37,8	7,8
KHB	20030623	0	23.06.2003	23	14	9	14	0	54	32	19,9	40,9	8,9
KHB	20030624	6	24.06.2003	26	16	14	12	0	55	28	18,7	36,1	8,1
KHB	20030625	0	25.06.2003	18	6	7	11	0	56	22	16,7	29,1	7,1
KHB	20030626	0	26.06.2003	19	9	11	8	0	57	27	17,8	34,6	7,6
KHB	20030627	1	27.06.2003	19	9	8	11	0	58	27	17,2	34,3	7,3
KHB	20030628	0	28.06.2003	20	7	6	14	0	59	25	12,9	30,2	5,2
KHB	20030629	0	29.06.2003	18	7	10	8	0	60			2,7	2,7
KHB	20030630	7	30.06.2003	13	7	8	5	0	61	24	16,3	30,8	6,8
KHB	20030701	1	01.07.2003	20	3	3	17	0	62	25	17,0	32,2	7,2
KHB	20030702	0	02.07.2003	19	10	9	10	0	63	21	16,6	28,0	7,0
KHB	20030703	0	03.07.2003	22	8	10	12	0	64	28	20,0	37,0	9,0
KHB	20030704	0	04.07.2003	24	10	13	11	0	65			2,7	2,7
KHB	20030705	0	05.07.2003	22	10	11	11	0	66			2,7	2,7
KHB	20030706	0	06.07.2003	24	13	10	14	0	67			2,7	2,7
KHB	20030707	1	07.07.2003	22	11	6	16	0	68	27	13,4	32,4	5,4
KHB	20030708	1	08.07.2003	29	11	11	18	0	69	28	15,6	34,5	6,5
KHB	20030709	5	09.07.2003	21	11	10	11	0	70	17	17,0	24,2	7,2
KHB	20030710	4	10.07.2003	21	7	6	15	0	71	21	18,4	29,0	8,0
KHB	20030711	4	11.07.2003	22	12	12	10	0	72	24	18,0	31,7	7,7
KHB	20030712	1	12.07.2003	21	8	7	14	0	73	28	17,8	35,6	7,6
KHB	20030713	0	13.07.2003	24	11	13	11	0	74			2,7	2,7
KHB	20030714	1	14.07.2003	25	16	11	14	0	75	25	15,9	31,6	6,6
KHB	20030715	1	15.07.2003	22	11	10	12	0	76	26	11,0	30,5	4,5
KHB	20030716	0	16.07.2003	18	8	8	10	0	77	26	16,0	32,6	6,6
KHB	20030717	0	17.07.2003	28	15	15	13	0	78	27	17,8	34,6	7,6
KHB	20030718	0	18.07.2003	29	11	11	18	0	79			2,7	2,7
KHB	20030719	1	19.07.2003	25	10	12	13	0	80	28	9,8	32,1	4,1
KHB	20030720	1	20.07.2003	30	13	12	18	0	81	28	13,5	33,5	5,5
KHB	20030721	0	21.07.2003	25	12	12	13	0	82	26	19,9	34,9	8,9
KHB	20030722	1	22.07.2003	26	16	12	14	0	83	29	19,3	37,5	8,5
KHB	20030723	4	23.07.2003	16	12	10	6	0	84	27	21,3	36,8	9,8
KHB	20030724	0	24.07.2003	23	15	8	15	0	85	29	18,7	37,2	8,2
KHB	20030725	1	25.07.2003	23	11	13	10	0	86	29	19,6	37,7	8,7
KHB	20030726	4	26.07.2003	25	12	10	15	0	87	25	17,7	32,6	7,6
KHB	20030727	1	27.07.2003	22	11	13	9	0	88	27	17,5	34,4	7,4
KHB	20030728	4	28.07.2003	19	10	9	10	0	89	22	17,8	29,6	7,6
KHB	20030729	4	29.07.2003	15	10	10	5	0	90	22	18,0	29,8	7,8
KHB	20030730	0	30.07.2003	23	10	9	14	0	91	20	18,7	28,2	8,2
KHB	20030731	5	31.07.2003	31	10	17	14	0	92	20	15,4	26,4	6,4
KHB	20030801	5	01.08.2003	16	4	6	10	0	93	17	16,2	23,8	6,8
KHB	20030802	5	02.08.2003	26	9	12	14	0	94	19	14,9	25,1	6,1
KHB	20030803	5	03.08.2003	23	10	7	16	0	95	17	16,7	24,1	7,1
KHB	20030804	5	04.08.2003	22	11	11	11	0	96	21	16,0	27,7	6,7
KHB	20030805	6	05.08.2003	34	19	15	19	0	97	24	17,0	31,2	7,2
KHB	20030806	1	06.08.2003	21	11	11	10	0	98	26	15,4	32,3	6,3
KHB	20030807	4	07.08.2003	18	10	6	12	0	99	20	18,5	28,1	8,1
KHB	20030808	5	08.08.2003	25	6	12	13	0	100	20	18,5	28,1	8,1
KHB	20030809	0	09.08.2003	28	10	12	16	0	101	18	18,0	25,8	7,8
KHB	20030810	5	10.08.2003	19	8	8	11	0	102	16	16,0	22,7	6,7
KHB	20030811	5	11.08.2003	25	6	8	17	0	103	18	13,7	23,6	5,6
KHB	20030812	5	12.08.2003	26	11	8	18	0	104	20	14,8	26,1	6,1
KHB	20030813	1	13.08.2003	28	16	12	16	0	105	23	12,6	28,1	5,1
KHB	20030814	4	14.08.2003	24	15	11	13	0	106	19	18,7	27,2	8,2
KHB	20030815	4	15.08.2003	20	10	9	11	0	107	22	19,7	30,8	8,8
KHB	20030816	4	16.08.2003	19	12	10	9	0	108	23	17,0	30,2	7,2
KHB	20030817	1	17.08.2003	27	15	14	13	0	109	25	18,4	33,0	8,0
KHB	20030818	6	18.08.2003	30	20	11	19	0	110	26	20,1	35,0	9,0
KHB	20030819	0	19.08.2003	24	8	9	15	0	111	27	20,6	36,3	9,3
KHB	20030820	4	20.08.2003	25	12	8	17	0	112	26	20,8	35,5	9,5
KHB	20030821	4	21.08.2003	22	6	9	13	0	113	23	15,1	29,2	6,2
KHB	20030822	5	22.08.2003	27	12	15	12	0	114	18	16,7	25,1	7,1
KHB	20030823	1	23.08.2003	22	12	11	11	0	115	22	10,8	26,5	4,5
KHB	20030824	1	24.08.2003	14	3	2	12	0	116	23	12,6	28,1	5,1
KHB	20030825	1	25.08.2003	26	11	7	19	0	117	25	12,6	30,1	5,1
KHB	20030826	1	26.08.2003	22	12	8	14	0	118	26	16,3	32,8	6,8
KHB	20030827	1	27.08.2003	25	13	11	14	0	119	25	17,5	32,4	7,4
KHB	20030828	4	28.08.2003	15	10	10	5	0	120	15	14,7	21,1	6,1
KHB	20030829	2	29.08.2003	27	10	7	20	0	121	18	6,8	21,4	3,4
KHB	20030830	5	30.08.2003	19	5	6	13	0	122	13	8,9	16,9	3,9
KHB	20030831	0	31.08.2003	27	11	11	16	0	123	20	7,4	23,5	3,5
KHB	20040601	1	01.06.2004	27	13	7	20	0	32	18	5,9	21,2	3,2
KHB	20040602	1	02.06.2004	25	10	10	15	0	33	23	9,8	27,1	4,1
KHB	20040603	3	03.06.2004	24	14	12	12	1	34	24	15,0	30,2	6,2
KHB	20040604	7	04.06.2004	26	16	15	11	0	35	22	4,6	24,9	2,9
KHB	20040605	1	05.06.2004	21	6	3	18	0	36	19	1,5	21,6	2,6
KHB	20040606	1	06.06.2004	28	15	10	18	0	37	15	3,5	17,8	2,8
KHB	20040607	2	07.06.2004	34	18	19	15	0	38	17	3,3	19,8	2,8
KHB	20040608	2	08.06.2004	19	6	9	10	0	39	15	8,0	18,7	3,7
KHB	20040609	1	09.06.2004	23	16	8	15	0	40	21	9,3	25,0	4,0
KHB	20040610	1	10.06.2004	21	11	9	12	0	41	24	7,2	27,4	3,4
KHB	20040611	4	11.06.2004	24	11	11	13	0	42	17	15,2	23,3	6,3
KHB	20040612	1	12.06.2004	20	7	9	11	0	43	21	8,6	24,8	3,8
KHB	20040613	7	13.06.2004	33	19	14	19	0	44	18	9,9	22,2	4,2
KHB	20040614	2	14.06.2004	19	11	7	12	0	45	17	3,3	19,8	2,8
KHB	20040615	1	15.06.2004	13	6	6	7	0	46	23	7,5	26,5	3,5
KHB	20040616	1	16.06.2004	22	10	11	11	0	47	27	10,2	31,2	4,2
KHB	20040617	66	17.06.2004	29	17	9	20	1	48	31	19,0	39,3	8,3
KHB	20040618	4	18.06.2004	21	11	9	12	0	49	20	19,7	28,8	8,8
KHB	20040619	4	19.06.2004	28	13	9	19	0	50	23	19,3	31,5	8,5
KHB	20040620	4	20.06.2004	19	11	11	8	0	51	22	17,7	29,6	7,6
KHB	20040621	5	21.06.2004	22	11	6	16	0	52	18	14,8	24,1	6,1
KHB	20040622	5	22.06.2004	23	11	10	13	0	53	14	13,4	19,5	5,5
KHB	20040623	5	23.06.2004	26	10	12	14	0	54	17	16,9	24,2	7,2
KHB	20040624	4	24.06.2004	21	11	11	10	0	55	22	16,8	29,1	7,1
KHB	20040625	6	25.06.2004	21	10	12	9	0	56	29	20,8	38,5	9,5
KHB	20040626	66	26.06.2004	24	11	12	12	1	57	30	18,6	38,1	8,1
KHB	20040627	4	27.06.2004	35	19	17	18	0	58	20	19,7	28,8	8,8
KHB	20040628	6	28.06.2004	16	7	9	7	0	59	25	20,2	34,1	9,1
KHB	20040629	4	29.06.2004	21	9	12	9	0	60	20	15,7	26,5	6,5
KHB	20040630	1	30.06.2004	12	6	9	3	0	61	22	10,7	26,4	4,4
KHB	20040701	1	01.07.2004	14	5	4	10	0	62	26	14,3	31,8	5,8
KHB	20040702	4	02.07.2004	28	22	19	9	0	63	25	15,7	31,5	6,5
KHB	20040703	4	03.07.2004	24	9	11	13	0	64	22	15,0	28,2	6,2
KHB	20040704	2	04.07.2004	27	16	13	14	0	65	22	15,2	28,3	6,3
KHB	20040705	4	05.07.2004	35	13	10	25	0	66	22	16,1	28,7	6,7
KHB	20040706	5	06.07.2004	18	9	4	14	0	67	17	16,9	24,2	7,2
KHB	20040707	4	07.07.2004	30	14	14	16	0	68	22	18,6	30,1	8,1
KHB	20040708	4	08.07.2004	16	7	7	9	0	69	25	20,7	34,4	9,4
KHB	20040709	4	09.07.2004	24	9	10	14	0	70	26	19,6	34,7	8,7
KHB	20040710	6	10.07.2004	20	6	4	16	0	71	23	16,8	30,1	7,1
KHB	20040711	1	11.07.2004	24	11	9	15	0	72	24	13,4	29,4	5,4
KHB	20040712	1	12.07.2004	25	16	8	17	0	73	26	16,1	32,7	6,7
KHB	20040713	6	13.07.2004	25	15	10	15	0	74	28	18,2	35,9	7,9
KHB	20040714	3	14.07.2004	26	16	16	10	1	75	28	20,7	37,4	9,4
KHB	20040715	4	15.07.2004	22	10	10	12	0	76	26	21,9	36,2	10,2
KHB	20040716	4	16.07.2004	21	12	11	10	0	77	23	20,4	32,2	9,2
KHB	20040717	4	17.07.2004	20	12	8	12	0	78	24	17,8	31,6	7,6
KHB	20040718	4	18.07.2004	18	11	7	11	0	79	24	20,0	33,0	9,0
KHB	20040719	5	19.07.2004	28	7	15	13	0	80	18	17,7	25,6	7,6
KHB	20040720	5	20.07.2004	21	10	10	11	0	81	20	18,7	28,2	8,2
KHB	20040721	4	21.07.2004	20	10	7	13	0	82	21	17,4	28,4	7,4
KHB	20040722	1	22.07.2004	24	13	11	13	0	83	30	20,8	39,5	9,5
KHB	20040723	4	23.07.2004	25	12	10	15	0	84	26	24,6	38,2	12,2
KHB	20040724	7	24.07.2004	30	18	12	18	0	85	28	20,1	37,0	9,0
KHB	20040725	1	25.07.2004	27	12	7	20	0	86	24	15,9	30,6	6,6
KHB	20040726	4	26.07.2004	24	12	12	12	0	87	23	18,8	31,2	8,2
KHB	20040727	1	27.07.2004	21	12	11	10	0	88	27	18,7	35,2	8,2
KHB	20040728	1	28.07.2004	15	7	6	9	0	89	28	16,0	34,6	6,6
KHB	20040729	4	29.07.2004	29	14	17	12	0	90	28	20,1	37,0	9,0
KHB	20040730	4	30.07.2004	18	8	5	13	0	91	21,7	16,4	28,6	6,9
KHB	20040731	1	31.07.2004	22	9	11	11	0	92	24,8	14,9	30,9	6,1
KHB	20040801	1	01.08.2004	29	11	12	17	0	93	24,3	12,6	29,4	5,1
KHB	20040802	1	02.08.2004	18	8	9	9	0	94	26,9	15,3	33,2	6,3
KHB	20040803	6	03.08.2004	29	12	12	17	0	95	28	19,5	36,6	8,6
KHB	20040804	7	04.08.2004	20	6	8	12	0	96	22,4	19,4	31,0	8,6
KHB	20040805	1	05.08.2004	14	7	8	6	0	97	22,9	13,1	28,2	5,3
KHB	20040806	6	06.08.2004	25	8	13	12	0	98	26,3	19,9	35,2	8,9
KHB	20040807	4	07.08.2004	25	12	11	14	0	99	24,2	23,9	35,9	11,7
KHB	20040808	4	08.08.2004	34	16	16	18	0	100	20,5	20,2	29,6	9,1
KHB	20040809	4	09.08.2004	12	9	6	6	0	101	22,8	18,3	30,7	7,9
KHB	20040810	4	10.08.2004	20	9	10	10	0	102	23,7	16,7	30,7	7,0
KHB	20040811	1	11.08.2004	29	15	16	13	0	103	24,6	17,8	32,2	7,6
KHB	20040812	2	12.08.2004	31	13	12	19	0	104	21,6	10,7	26,0	4,4
KHB	20040813	1	13.08.2004	23	12	8	15	0	105	23	13,2	28,4	5,4
KHB	20040814	1	14.08.2004	21	6	5	16	0	106	23,7	15,2	30,0	6,3
KHB	20040815	5	15.08.2004	19	8	5	14	0	107	15,3	15,3	21,7	6,4
KHB	20040816	0	16.08.2004	20	8	10	10	0	108	21	13,4	26,5	5,5
KHB	20040817	5	17.08.2004	24	12	11	13	0	109	19,5	15,8	26,1	6,6
KHB	20040818	4	18.08.2004	27	12	10	17	0	110	21,3	12,4	26,4	5,1
KHB	20040819	1	19.08.2004	22	6	8	14	0	111	24,2	13,1	29,5	5,3
KHB	20040820	1	20.08.2004	22	8	10	12	0	112	22,4	12,1	27,3	4,9
KHB	20040821	4	21.08.2004	18	9	10	8	0	113	22,6	14,2	28,4	5,8
KHB	20040822	1	22.08.2004	33	16	11	22	0	114	26,9	18,5	34,9	8,0
KHB	20040823	3	23.08.2004	23	11	13	10	1	115	29,1	19,4	37,7	8,6
KHB	20040824	1	24.08.2004	19	10	3	16	0	116	22,6	13,1	27,9	5,3
KHB	20040825	1	25.08.2004	31	13	11	20	0	117	23,4	14,7	29,4	6,0
KHB	20040826	1	26.08.2004	21	11	14	7	0	118	26,1	13,6	31,6	5,5
KHB	20040827	4	27.08.2004	27	13	9	18	0	119	25,2	17,7	32,8	7,6
KHB	20040828	1	28.08.2004	32	10	13	19	0	120	26,2	19,3	34,7	8,5
KHB	20040829	4	29.08.2004	22	10	9	13	0	121	23	15,3	29,3	6,3
KHB	20040830	4	30.08.2004	21	12	12	9	0	122	20,6	18,4	28,6	8,0
KHB	20040831	4	31.08.2004	19	10	6	13	0	123	18,7	18,7	26,9	8,2
KHB	20050601	1	01.06.2005	29	14	9	20	0	32	24,8	15,1	31,0	6,2
KHB	20050602	0	02.06.2005	12	7	4	8	0	33			2,7	2,7
KHB	20050603	4	03.06.2005	24	9	10	14	0	34	17,4	16,7	24,5	7,1
KHB	20050604	6	04.06.2005	28	11	10	18	0	35	23,6	15,1	29,8	6,2
KHB	20050605	5	05.06.2005	13	8	7	6	0	36	13,4	10,0	17,6	4,2
KHB	20050606	1	06.06.2005	25	13	10	15	0	37	23,1	13,6	28,6	5,5
KHB	20050607	6	07.06.2005	24	17	12	12	0	38	24,1	17,3	31,5	7,4
KHB	20050608	6	08.06.2005	14	10	7	7	0	39	25,9	17,8	33,5	7,6
KHB	20050609	4	09.06.2005	14	9	3	11	0	40	20,7	13,4	26,2	5,5
KHB	20050610	6	10.06.2005	18	7	8	10	0	41	22,6	16,8	29,7	7,1
KHB	20050611	6	11.06.2005	26	9	10	16	0	42	25,4	15,7	31,9	6,5
KHB	20050612	1	12.06.2005	31	14	10	21	0	43	26,3	12,0	31,2	4,9
KHB	20050613	1	13.06.2005	18	10	9	9	0	44	27,4	9,7	31,5	4,1
KHB	20050614	3	14.06.2005	25	11	14	11	1	45	29	14,8	35,0	6,0
KHB	20050615	6	15.06.2005	23	12	14	9	0	46	26,9	20,5	36,2	9,3
KHB	20050616	6	16.06.2005	28	14	11	17	0	47	28,6	19,5	37,2	8,6
KHB	20050617	6	17.06.2005	25	11	10	15	0	48	26,1	16,9	33,2	7,1
KHB	20050618	6	18.06.2005	25	11	6	19	0	49	27,9	17,4	35,3	7,4
KHB	20050619	6	19.06.2005	26	10	11	15	0	50	28,9	17,4	36,3	7,4
KHB	20050620	3	20.06.2005	24	8	12	12	0	51	30	17,1	37,2	7,2
KHB	20050621	6	21.06.2005	24	12	10	14	0	52	28	19,0	36,3	8,3
KHB	20050622	66	22.06.2005	30	20	15	15	1	53	30,2	17,0	37,4	7,2
KHB	20050623	7	23.06.2005	40	24	21	19	0	54	26,5	8,5	30,2	3,7
KHB	20050624	4	24.06.2005	19	10	12	7	0	55	20,4	12,6	25,5	5,1
KHB	20050625	1	25.06.2005	20	7	7	13	0	56	28,9	13,6	34,4	5,5
KHB	20050626	6	26.06.2005	34	10	15	19	0	57	26,3	17,1	33,5	7,2
KHB	20050627	1	27.06.2005	16	5	4	12	0	58	27,6	6,9	30,9	3,3
KHB	20050628	1	28.06.2005	25	11	9	16	0	59	27,2	12,4	32,2	5,0
KHB	20050629	1	29.06.2005	23	11	10	13	0	60	29,3	15,4	35,6	6,3
KHB	20050630	6	30.06.2005	16	9	5	11	0	61	30,5	16,9	37,6	7,1
KHB	20050701	6	01.07.2005	16	4	12	4	0	62	28,6	18,4	36,6	8,0
KHB	20050702	4	02.07.2005	14	8	6	8	0	63	25	17,5	32,5	7,5
KHB	20050703	6	03.07.2005	25	14	8	17	0	64	29	20,7	38,4	9,4
KHB	20050704	4	04.07.2005	25	18	12	13	0	65	18,8	17,5	26,3	7,5
KHB	20050705	4	05.07.2005	24	11	13	11	0	66	23,1	17,5	30,6	7,5
KHB	20050706	5	06.07.2005	16	10	9	7	0	67	19,2	14,2	25,0	5,8
KHB	20050707	2	07.07.2005	19	9	9	10	0	68	20,1	9,9	24,3	4,2
KHB	20050708	1	08.07.2005	25	14	10	15	0	69	24,9	11,8	29,7	4,8
KHB	20050709	1	09.07.2005	29	12	13	16	0	70	27,1	16,1	33,8	6,7
KHB	20050710	1	10.07.2005	22	15	9	13	0	71	29	14,0	34,7	5,7
KHB	20050711	1	11.07.2005	22	5	5	17	0	72	30,3	14,8	36,3	6,0
KHB	20050712	3	12.07.2005	30	19	12	18	1	73	31,7	16,8	38,7	7,0
KHB	20050713	3	13.07.2005	22	8	8	14	2	74	32,3	14,0	38,0	5,7
KHB	20050714	3	14.07.2005	33	15	13	20	3	75	29,2	20,1	38,2	9,0
KHB	20050715	4	15.07.2005	23	9	7	16	0	76	21	21,0	30,6	9,6
KHB	20050716	6	16.07.2005	26	16	13	13	0	77	27,6	21,9	37,8	10,2
KHB	20050717	4	17.07.2005	17	10	5	12	0	78	19,5	19,5	28,2	8,7
KHB	20050718	4	18.07.2005	27	16	10	17	0	79	23,9	19,2	32,4	8,5
KHB	20050719	1	19.07.2005	25	13	9	16	0	80	24,5	16,7	31,5	7,0
KHB	20050720	4	20.07.2005	34	17	13	21	0	81	22,6	19,6	31,3	8,7
KHB	20050721	4	21.07.2005	14	5	6	8	0	82	25,6	20,2	34,7	9,1
KHB	20050722	0	22.07.2005	18	8	8	10	0	83	25,9	20,2	35,0	9,1
KHB	20050723	0	23.07.2005	17	6	7	10	0	84	23,8	21,9	34,0	10,2
KHB	20050724	6	24.07.2005	24	11	11	13	0	85	28,5	21,5	38,4	9,9
KHB	20050725	4	25.07.2005	22	10	8	14	0	86	28,1	20,6	37,4	9,3
KHB	20050726	4	26.07.2005	27	11	11	16	0	87	20,7	20,7	30,2	9,5
KHB	20050727	4	27.07.2005	23	9	10	13	0	88	25,5	20,1	34,5	9,0
KHB	20050728	4	28.07.2005	21	10	11	10	0	89	25,8	19,0	34,1	8,3
KHB	20050729	5	29.07.2005	24	16	15	9	0	90	17,9	17,9	25,6	7,7
KHB	20050730	4	30.07.2005	20	9	12	8	0	91	20,3	17,3	27,7	7,4
KHB	20050731	4	31.07.2005	22	14	11	11	0	92	26,8	18,9	35,1	8,3
KHB	20050801	6	01.08.2005	16	7	6	10	0	93	28,2	22,0	38,5	10,3
KHB	20050802	4	02.08.2005	13	5	2	11	0	94	23,4	21,7	33,5	10,1
KHB	20050803	6	03.08.2005	28	9	12	16	0	95	24,5	23,3	35,8	11,3
KHB	20050804	66	04.08.2005	29	13	15	14	1	96	27,8	23,2	39,0	11,2
KHB	20050805	6	05.08.2005	24	11	14	10	0	97	26	16,0	32,7	6,7
KHB	20050806	1	06.08.2005	30	17	12	18	0	98	26,7	18,0	34,4	7,7
KHB	20050807	1	07.08.2005	28	14	16	12	0	99	27,2	12,4	32,2	5,0
KHB	20050808	7	08.08.2005	22	11	9	13	0	100	29,2	23,2	40,4	11,2
KHB	20050809	66	09.08.2005	28	20	14	14	1	101	31,2	20,2	40,3	9,1
KHB	20050810	66	10.08.2005	24	9	10	14	2	102	31,1	21,9	41,3	10,2
KHB	20050811	66	11.08.2005	29	17	10	19	3	103	31	23,9	42,7	11,7
KHB	20050812	67	12.08.2005	36	17	8	28	4	104	29,1	24,4	41,2	12,1
KHB	20050813	67	13.08.2005	35	15	17	18	5	105	30,5	25,3	43,3	12,8
KHB	20050814	6	14.08.2005	26	14	10	16	0	106	28,1	21,4	38,0	9,9
KHB	20050815	1	15.08.2005	28	12	11	17	0	107	26,3	14,1	32,0	5,7
KHB	20050816	4	16.08.2005	23	13	9	14	0	108	19,3	16,9	26,5	7,2
KHB	20050817	4	17.08.2005	17	11	11	6	0	109	19,8	13,9	25,5	5,7
KHB	20050818	4	18.08.2005	17	7	7	10	0	110	20,1	14,9	26,3	6,2
KHB	20050819	1	19.08.2005	21	15	7	14	0	111	23,7	15,7	30,2	6,5
KHB	20050820	1	20.08.2005	23	10	9	14	0	112	23,9	14,9	30,0	6,1
KHB	20050821	1	21.08.2005	23	10	11	12	0	113	26,2	11,5	30,9	4,7
KHB	20050822	1	22.08.2005	18	7	5	13	0	114	24,8	11,0	29,3	4,5
KHB	20050823	1	23.08.2005	22	11	10	12	0	115	27,2	12,0	32,1	4,9
KHB	20050824	1	24.08.2005	23	13	7	16	0	116	26,6	11,5	31,3	4,7
KHB	20050825	1	25.08.2005	20	8	11	9	0	117	27,6	13,9	33,2	5,6
KHB	20050826	4	26.08.2005	21	12	11	10	0	118	19,7	17,8	27,4	7,7
KHB	20050827	4	27.08.2005	25	14	8	17	0	119	17,6	17,6	25,2	7,6
KHB	20050828	4	28.08.2005	11	6	2	9	0	120	18,5	17,5	26,0	7,5
KHB	20050829	4	29.08.2005	25	14	13	12	0	121	22,9	20,6	32,3	9,4
KHB	20050830	7	30.08.2005	19	8	6	13	0	122	16,3	5,0	19,3	3,0
KHB	20050831	2	31.08.2005	19	8	8	11	0	123	17	5,0	20,0	3,0
KHB	20060601	4	01.06.2006	19	9	9	10	0	32	13,6	10,0	17,8	4,2
KHB	20060602	0	02.06.2006	22	13	11	11	0	33			2,7	2,7
KHB	20060603	1	03.06.2006	24	12	12	12	0	34	24,2	12,2	29,2	5,0
KHB	20060604	4	04.06.2006	25	11	11	14	0	35	17,7	17,5	25,2	7,5
KHB	20060605	4	05.06.2006	24	13	9	15	0	36	22	16,5	28,9	6,9
KHB	20060606	5	06.06.2006	28	11	11	17	0	37	13	12,2	18,0	5,0
KHB	20060607	4	07.06.2006	26	20	17	9	0	38	18,9	13,5	24,4	5,5
KHB	20060608	5	08.06.2006	22	11	8	14	0	39	14,4	14,1	20,2	5,8
KHB	20060609	5	09.06.2006	20	10	9	11	0	40	13,5	12,5	18,6	5,1
KHB	20060610	5	10.06.2006	15	6	3	12	0	41	15,9	12,4	21,0	5,1
KHB	20060611	0	11.06.2006	18	11	12	6	0	42	20	13,7	25,6	5,6
KHB	20060612	6	12.06.2006	24	15	16	8	0	43	21,5	16,9	28,7	7,2
KHB	20060613	6	13.06.2006	23	11	12	11	0	44	24,1	15,6	30,6	6,5
KHB	20060614	6	14.06.2006	24	16	10	14	0	45	23,2	18,3	31,1	7,9
KHB	20060615	6	15.06.2006	19	14	10	9	0	46	23,8	16,8	30,9	7,1
KHB	20060616	4	16.06.2006	19	7	10	9	0	47	18,4	16,7	25,5	7,1
KHB	20060617	4	17.06.2006	15	6	6	9	0	48	16	15,8	22,6	6,6
KHB	20060618	4	18.06.2006	18	7	9	9	0	49	20,1	16,5	27,1	7,0
KHB	20060619	4	19.06.2006	24	14	11	13	0	50	20,9	18,6	29,0	8,1
KHB	20060620	4	20.06.2006	28	13	14	14	0	51	19,4	18,1	27,2	7,8
KHB	20060621	5	21.06.2006	12	5	7	5	0	52	17,4	16,6	24,4	7,0
KHB	20060622	4	22.06.2006	20	10	12	8	0	53	19,9	17,1	27,2	7,3
KHB	20060623	6	23.06.2006	20	7	8	12	0	54	25,5	16,1	32,2	6,7
KHB	20060624	6	24.06.2006	24	12	9	15	0	55	27,3	18,0	35,0	7,7
KHB	20060625	6	25.06.2006	28	15	12	16	0	56	28,1	17,3	35,4	7,3
KHB	20060626	6	26.06.2006	30	15	10	20	0	57	25,8	21,2	35,6	9,8
KHB	20060627	7	27.06.2006	15	10	11	4	0	58	12,4	12,4	17,5	5,1
KHB	20060628	5	28.06.2006	10	8	4	6	0	59	12,5	11,4	17,2	4,7
KHB	20060629	5	29.06.2006	18	9	8	10	0	60	18,3	14,4	24,2	5,9
KHB	20060630	1	30.06.2006	20	12	8	12	0	61	26,8	19,7	35,6	8,8
KHB	20060701	1	01.07.2006	20	9	6	14	0	62	29,3	19,3	37,8	8,5
KHB	20060702	3	02.07.2006	26	11	10	16	1	63	31	18,7	39,1	8,1
KHB	20060703	3	03.07.2006	20	9	5	15	2	64	31,3	21,2	41,0	9,7
KHB	20060704	7	04.07.2006	26	12	10	16	0	65	27,7	23,9	39,4	11,7
KHB	20060705	7	05.07.2006	22	12	16	6	0	66	27,7	22,2	38,1	10,4
KHB	20060706	4	06.07.2006	17	6	5	12	0	67	24,8	22,1	35,2	10,4
KHB	20060707	4	07.07.2006	26	18	11	15	0	68	23,4	20,5	32,7	9,3
KHB	20060708	4	08.07.2006	18	10	6	12	0	69	24,1	20,4	33,3	9,2
KHB	20060709	4	09.07.2006	24	9	5	19	0	70	21,6	19,5	30,3	8,7
KHB	20060710	4	10.07.2006	16	9	6	10	0	71	25,1	22,0	35,4	10,3
KHB	20060711	4	11.07.2006	25	13	10	15	0	72	28	23,1	39,1	11,1
KHB	20060712	66	12.07.2006	25	15	12	13	1	73	28,6	22,1	39,0	10,4
KHB	20060713	66	13.07.2006	19	12	10	9	2	74	28,9	23,1	40,0	11,1
KHB	20060714	5	14.07.2006	23	9	12	11	0	75	18,7	18,4	26,7	8,0
KHB	20060715	5	15.07.2006	23	15	11	12	0	76	20,5	17,7	28,1	7,6
KHB	20060716	4	16.07.2006	14	10	7	7	0	77	25,1	17,0	32,3	7,2
KHB	20060717	1	17.07.2006	24	14	10	14	0	78	27,9	17,1	35,1	7,2
KHB	20060718	1	18.07.2006	18	6	10	8	0	79	28,1	17,6	35,6	7,5
KHB	20060719	1	19.07.2006	16	10	10	6	0	80	29,9	17,4	37,3	7,4
KHB	20060720	1	20.07.2006	19	11	7	12	0	81	29,4	18,5	37,4	8,0
KHB	20060721	4	21.07.2006	24	13	10	14	0	82	25,3	22,4	35,9	10,6
KHB	20060722	4	22.07.2006	20	9	4	16	0	83	24,9	19,9	33,8	8,9
KHB	20060723	5	23.07.2006	16	8	2	14	0	84	20,1	17,5	27,6	7,5
KHB	20060724	5	24.07.2006	18	10	8	10	0	85	15,6	15,6	22,1	6,5
KHB	20060725	1	25.07.2006	22	14	8	14	0	86	23	12,0	27,9	4,9
KHB	20060726	1	26.07.2006	25	14	9	16	0	87	28,5	19,4	37,1	8,6
KHB	20060727	6	27.07.2006	19	8	10	9	0	88	28,5	19,2	36,9	8,4
KHB	20060728	4	28.07.2006	15	9	7	8	0	89	27,6	22,1	38,0	10,4
KHB	20060729	4	29.07.2006	15	7	6	9	0	90	24	21,3	33,8	9,8
KHB	20060730	4	30.07.2006	20	8	11	9	0	91	22,8	22,1	33,2	10,4
KHB	20060731	4	31.07.2006	24	18	11	13	0	92	19,5	19,5	28,2	8,7
KHB	20060801	4	01.08.2006	22	13	10	12	0	93	22	21,5	32,0	10,0
KHB	20060802	6	02.08.2006	18	10	8	10	0	94	24,8	22,3	35,3	10,5
KHB	20060803	6	03.08.2006	27	14	12	15	0	95	26,1	21,3	35,9	9,8
KHB	20060804	66	04.08.2006	27	12	14	13	1	96	28,5	22,3	39,0	10,5
KHB	20060805	66	05.08.2006	15	10	6	9	2	97	26,9	24,5	39,1	12,2
KHB	20060806	6	06.08.2006	20	10	8	12	3	98	23,6	22,4	34,2	10,6
KHB	20060807	66	07.08.2006	23	16	11	12	4	99	29,7	25,0	42,2	12,5
KHB	20060808	0	08.08.2006	17	10	7	10	0	100	28,5	25,3	41,3	12,8
KHB	20060809	0	09.08.2006	18	9	7	11	0	101	31,7	23,5	43,1	11,4
KHB	20060810	4	10.08.2006	16	8	3	13	0	102	22,9	22,9	33,9	11,0
KHB	20060811	4	11.08.2006	24	14	6	18	0	103	25,9	23,0	36,9	11,0
KHB	20060812	4	12.08.2006	24	13	9	15	0	104	25,6	24,2	37,5	11,9
KHB	20060813	6	13.08.2006	23	6	12	11	0	105	29,1	21,6	39,1	10,0
KHB	20060814	4	14.08.2006	20	14	12	8	0	106	26,5	24,3	38,5	12,0
KHB	20060815	4	15.08.2006	21	18	11	10	0	107	26,5	21,3	36,3	9,8
KHB	20060816	6	16.08.2006	14	10	7	7	0	108	26,1	16,6	33,1	7,0
KHB	20060817	4	17.08.2006	20	10	9	11	0	109	23,4	18,1	31,2	7,8
KHB	20060818	4	18.08.2006	16	8	6	10	0	110	24,6	16,1	31,3	6,7
KHB	20060819	1	19.08.2006	18	12	10	8	0	111	26,5	18,9	34,8	8,3
KHB	20060820	6	20.08.2006	22	12	10	12	0	112	28,4	19,9	37,3	8,9
KHB	20060821	4	21.08.2006	18	8	3	15	0	113	23,8	17,1	31,1	7,3
KHB	20060822	1	22.08.2006	22	12	10	12	0	114	26,6	15,0	32,8	6,2
KHB	20060823	1	23.08.2006	26	12	14	12	0	115	24,8	9,1	28,7	3,9
KHB	20060824	4	24.08.2006	24	15	11	13	0	116	25,1	18,3	33,0	7,9
KHB	20060825	4	25.08.2006	20	11	6	14	0	117	25,3	16,4	32,2	6,9
KHB	20060826	1	26.08.2006	29	18	13	16	0	118	28,4	18,8	36,6	8,2
KHB	20060827	4	27.08.2006	26	9	12	14	0	119	22,2	22,2	32,7	10,5
KHB	20060828	4	28.08.2006	20	9	11	9	0	120	19,2	19,2	27,7	8,5
KHB	20060829	4	29.08.2006	22	10	11	11	0	121	23,3	19,6	32,0	8,7
KHB	20060830	1	30.08.2006	20	10	10	10	0	122	24,1	17,3	31,5	7,4
KHB	20060831	4	31.08.2006	17	10	9	8	0	123	24,5	18,4	32,5	8,0
KHB	20070601	3	01.06.2007	17	9	9	8	2	32	29	13,3	34,4	5,4
KHB	20070602	3	02.06.2007	26	13	14	12	3	33	28,8	11,8	33,6	4,8
KHB	20070603	3	03.06.2007	24	15	8	16	4	34	28,5	13,6	34,0	5,5
KHB	20070604	6	04.06.2007	24	12	11	13	0	35	23,9	13,4	29,3	5,4
KHB	20070605	0	05.06.2007	14	9	5	9	0	36	20,5	15,1	26,7	6,2
KHB	20070606	4	06.06.2007	20	16	8	12	0	37	15,5	14,4	21,4	5,9
KHB	20070607	1	07.06.2007	14	7	4	10	0	38	23	13,8	28,6	5,6
KHB	20070608	6	08.06.2007	19	7	8	11	0	39	25,1	15,4	31,5	6,4
KHB	20070609	6	09.06.2007	31	16	16	15	0	40	20,7	17,3	28,1	7,4
KHB	20070610	1	10.06.2007	22	10	10	12	0	41	26	10,2	30,2	4,2
KHB	20070611	6	11.06.2007	21	12	9	12	0	42	28,6	19,0	36,9	8,3
KHB	20070612	7	12.06.2007	26	15	14	12	0	43	29	21,0	38,6	9,6
KHB	20070613	1	13.06.2007	22	12	10	12	0	44	23,2	5,6	26,3	3,1
KHB	20070614	1	14.06.2007	28	15	11	17	0	45	24,4	8,4	28,1	3,7
KHB	20070615	1	15.06.2007	28	13	11	17	0	46	26,1	6,7	29,4	3,3
KHB	20070616	3	16.06.2007	20	13	14	6	1	47	29,8	10,9	34,2	4,4
KHB	20070617	4	17.06.2007	20	12	12	8	0	48	21,7	18,5	29,8	8,1
KHB	20070618	4	18.06.2007	22	14	11	11	0	49	20,5	14,2	26,3	5,8
KHB	20070619	0	19.06.2007	21	10	8	13	0	50			2,7	2,7
KHB	20070620	4	20.06.2007	15	7	11	4	0	51	20,1	17,3	27,5	7,4
KHB	20070621	4	21.06.2007	24	12	6	18	0	52	21,7	16,4	28,6	6,9
KHB	20070622	4	22.06.2007	19	10	11	8	0	53	21,5	15,8	28,1	6,6
KHB	20070623	5	23.06.2007	17	11	9	8	0	54	18,2	17,0	25,4	7,2
KHB	20070624	4	24.06.2007	27	15	13	14	0	55	21,5	16,5	28,4	6,9
KHB	20070625	1	25.06.2007	22	10	10	12	0	56	24,5	14,6	30,5	6,0
KHB	20070626	6	26.06.2007	17	9	7	10	0	57	26,2	20,1	35,2	9,0
KHB	20070627	7	27.06.2007	24	12	11	13	0	58	27,8	20,9	37,3	9,5
KHB	20070628	1	28.06.2007	23	14	13	10	0	59	23,4	12,7	28,6	5,2
KHB	20070629	1	29.06.2007	20	10	5	15	0	60	23	14,8	29,1	6,1
KHB	20070630	1	30.06.2007	21	15	11	10	0	61	22,3	13,9	28,0	5,7
KHB	20070701	1	01.07.2007	21	11	6	15	0	62	26,7	13,1	32,0	5,3
KHB	20070702	1	02.07.2007	27	18	12	15	0	63	28,3	14,2	34,1	5,8
KHB	20070703	3	03.07.2007	26	14	12	14	1	64	31	15,8	37,5	6,5
KHB	20070704	3	04.07.2007	28	12	12	16	2	65	32,3	13,5	37,7	5,4
KHB	20070705	6	05.07.2007	17	11	9	8	0	66	31	19,0	39,3	8,3
KHB	20070706	4	06.07.2007	26	15	10	16	0	67	26,7	21,2	36,4	9,7
KHB	20070707	1	07.07.2007	27	14	13	14	0	68	24,7	17,4	32,1	7,4
KHB	20070708	1	08.07.2007	20	9	12	8	0	69	25,6	16,4	32,5	6,9
KHB	20070709	1	09.07.2007	27	11	10	17	0	70	28,8	13,5	34,3	5,5
KHB	20070710	1	10.07.2007	15	8	5	10	0	71	30,3	17,4	37,7	7,4
KHB	20070711	1	11.07.2007	23	16	7	16	0	72	31,1	16,3	37,9	6,8
KHB	20070712	3	12.07.2007	25	14	12	13	1	73	29,8	15,5	36,2	6,4
KHB	20070713	6	13.07.2007	23	11	9	14	2	74	30,4	16,8	37,5	7,1
KHB	20070714	3	14.07.2007	23	13	11	12	3	75	31,9	18,5	39,9	8,0
KHB	20070715	3	15.07.2007	24	12	7	17	4	76	34,5	17,7	42,0	7,5
KHB	20070716	3	16.07.2007	27	18	11	16	5	77	29,4	16,9	36,5	7,1
KHB	20070717	3	17.07.2007	13	8	4	9	6	78	31,6	17,1	38,8	7,2
KHB	20070718	4	18.07.2007	16	10	6	10	0	79	25,8	21,0	35,4	9,6
KHB	20070719	4	19.07.2007	21	13	15	6	0	80	19,5	19,5	28,2	8,7
KHB	20070720	5	20.07.2007	18	10	7	11	0	81	20,3	18,1	28,1	7,8
KHB	20070721	1	21.07.2007	26	13	15	11	0	82	24,6	14,1	30,4	5,8
KHB	20070722	1	22.07.2007	17	7	6	11	0	83	24,9	10,4	29,2	4,3
KHB	20070723	1	23.07.2007	33	16	15	18	0	84	24,5	12,1	29,4	4,9
KHB	20070724	1	24.07.2007	23	11	10	13	0	85	23,7	14,9	29,8	6,1
KHB	20070725	4	25.07.2007	19	11	7	12	0	86	25,2	14,9	31,3	6,1
KHB	20070726	1	26.07.2007	15	8	4	11	0	87	29	19,0	37,3	8,3
KHB	20070727	4	27.07.2007	20	13	13	7	0	88	19,9	19,8	28,8	8,9
KHB	20070728	2	28.07.2007	20	7	6	14	0	89	22,9	13,4	28,4	5,5
KHB	20070729	1	29.07.2007	18	9	11	7	0	90	26,6	17,7	34,2	7,6
KHB	20070730	4	30.07.2007	16	7	8	8	0	91	23,2	21,6	33,2	10,0
KHB	20070731	1	31.07.2007	12	6	4	8	0	92	25,8	13,3	31,2	5,4
KHB	20070801	4	01.08.2007	23	12	10	13	0	93	23,6	14,5	29,5	5,9
KHB	20070802	5	02.08.2007	29	16	12	17	0	94	19,5	18,5	27,6	8,1
KHB	20070803	4	03.08.2007	22	14	8	14	0	95	24,8	19,2	33,3	8,5
KHB	20070804	6	04.08.2007	23	11	10	13	0	96	27,3	17,2	34,6	7,3
KHB	20070805	6	05.08.2007	33	15	13	20	0	97	27,7	19,8	36,5	8,8
KHB	20070806	6	06.08.2007	25	10	8	17	0	98	28,6	20,9	38,1	9,5
KHB	20070807	6	07.08.2007	13	8	6	7	0	99	27,8	21,8	38,0	10,2
KHB	20070808	3	08.08.2007	24	11	7	17	0	100	29,4	22,4	40,0	10,6
KHB	20070809	4	09.08.2007	19	12	7	12	0	101	19,9	19,9	28,8	8,9
KHB	20070810	4	10.08.2007	24	12	10	14	0	102	26,6	22,9	37,5	10,9
KHB	20070811	4	11.08.2007	21	9	11	10	0	103	23	23,0	34,0	11,0
KHB	20070812	66	12.08.2007	25	15	11	14	1	104	29,7	24,6	41,9	12,2
KHB	20070813	4	13.08.2007	22	12	4	18	0	105	21,1	21,1	30,8	9,7
KHB	20070814	4	14.08.2007	27	17	11	16	0	106	24,3	24,3	36,3	12,0
KHB	20070815	4	15.08.2007	28	11	11	17	0	107	23,9	21,4	33,8	9,9
KHB	20070816	4	16.08.2007	20	10	11	9	0	108	19,8	17,7	27,4	7,6
KHB	20070817	1	17.08.2007	13	8	8	5	0	109	25,6	19,3	34,1	8,5
KHB	20070818	6	18.08.2007	23	7	6	17	0	110	26,9	21,4	36,8	9,9
KHB	20070819	4	19.08.2007	26	12	11	15	0	111	25,9	23,9	37,6	11,7
KHB	20070820	67	20.08.2007	15	9	6	9	1	112	28,1	25,5	41,1	13,0
KHB	20070821	7	21.08.2007	16	8	10	6	0	113	23,7	20,4	32,9	9,2
KHB	20070822	5	22.08.2007	16	7	8	8	0	114	16,9	13,0	22,2	5,3
KHB	20070823	1	23.08.2007	12	7	6	6	0	115	24,2	13,7	29,8	5,6
KHB	20070824	1	24.08.2007	16	9	5	11	0	116	25,4	16,5	32,3	6,9
KHB	20070825	4	25.08.2007	17	8	8	9	0	117	25,5	19,4	34,1	8,6
KHB	20070826	4	26.08.2007	26	11	8	18	0	118	21,9	14,0	27,6	5,7
KHB	20070827	1	27.08.2007	25	20	9	16	0	119	23,4	10,1	27,6	4,2
KHB	20070828	4	28.08.2007	19	11	11	8	0	120	21,2	15,7	27,7	6,5
KHB	20070829	1	29.08.2007	24	12	16	8	0	121	23,2	11,3	27,8	4,6
KHB	20070830	1	30.08.2007	18	7	8	10	0	122	21,1	10,6	25,5	4,4
KHB	20070831	1	31.08.2007	21	13	10	11	0	123	22,5	9,3	26,5	4,0
KHB	20080601	1	01.06.2008	25	11	11	14	0	32	23,4	5,8	26,5	3,1
KHB	20080602	1	02.06.2008	19	11	10	9	0	33	23,6	9,6	27,7	4,1
KHB	20080603	1	03.06.2008	21	14	9	12	0	34	25,4	12,3	30,4	5,0
KHB	20080604	3	04.06.2008	19	17	7	12	1	35	27,7	10,0	31,9	4,2
KHB	20080605	3	05.06.2008	14	10	8	6	2	36	27,1	8,0	30,7	3,6
KHB	20080606	6	06.06.2008	24	16	9	15	0	37	25	14,5	30,9	5,9
KHB	20080607	6	07.06.2008	28	12	15	13	0	38	25,2	15,2	31,5	6,3
KHB	20080608	6	08.06.2008	23	10	15	8	0	39	26	11,4	30,6	4,6
KHB	20080609	6	09.06.2008	21	15	10	11	0	40	23,6	18,7	31,8	8,2
KHB	20080610	2	10.06.2008	19	8	6	13	0	41	18,8	3,8	21,6	2,8
KHB	20080611	1	11.06.2008	23	8	4	19	0	42	19,2	7,3	22,7	3,5
KHB	20080612	2	12.06.2008	17	11	13	4	0	43	15,9	7,9	19,5	3,6
KHB	20080613	5	13.06.2008	18	11	7	11	0	44	18,4	12,6	23,5	5,1
KHB	20080614	1	14.06.2008	19	12	6	13	0	45	23,6	12,6	28,7	5,1
KHB	20080615	6	15.06.2008	17	7	8	9	0	46	24,8	20,0	33,8	9,0
KHB	20080616	1	16.06.2008	25	10	14	11	0	47	28,1	15,4	34,4	6,3
KHB	20080617	3	17.06.2008	23	12	6	17	1	48	34,5	14,4	40,3	5,8
KHB	20080618	3	18.06.2008	29	23	20	9	2	49	34,6	16,9	41,7	7,1
KHB	20080619	6	19.06.2008	24	14	8	16	0	50	23,4	18,7	31,6	8,2
KHB	20080620	6	20.06.2008	18	13	11	7	0	51	24,8	15,4	31,2	6,4
KHB	20080621	1	21.06.2008	23	17	14	9	0	52	24,6	15,0	30,8	6,2
KHB	20080622	1	22.06.2008	11	7	6	5	0	53	29	13,7	34,5	5,5
KHB	20080623	0	23.06.2008	28	17	13	15	0	54	31,4	13,2	36,7	5,3
KHB	20080624	3	24.06.2008	23	7	9	14	1	55	32,8	13,9	38,4	5,6
KHB	20080625	7	25.06.2008	27	14	12	15	0	56	30,6	5,1	33,6	3,0
KHB	20080626	3	26.06.2008	24	14	9	15	1	57	34,5	13,4	39,9	5,4
KHB	20080627	4	27.06.2008	23	12	8	15	0	58	19,6	15,0	25,8	6,2
KHB	20080628	4	28.06.2008	15	9	6	9	0	59	21,3	13,7	26,9	5,6
KHB	20080629	1	29.06.2008	15	9	7	8	0	60	27,7	8,6	31,4	3,7
KHB	20080630	3	30.06.2008	17	7	7	10	1	61	32,5	12,7	37,6	5,1
KHB	20080701	3	01.07.2008	25	10	7	18	2	62	33,8	16,2	40,5	6,7
KHB	20080702	3	02.07.2008	21	10	6	15	3	63	29,3	17,5	36,7	7,4
KHB	20080703	4	03.07.2008	19	8	8	11	0	64	21,9	21,4	31,8	9,9
KHB	20080704	4	04.07.2008	18	9	6	12	0	65	24,7	20,8	34,2	9,5
KHB	20080705	66	05.07.2008	24	10	9	15	1	66	28,4	22,4	39,0	10,6
KHB	20080706	66	06.07.2008	17	9	5	12	2	67	29,5	22,5	40,1	10,6
KHB	20080707	6	07.07.2008	27	13	13	14	0	68	26	17,6	33,5	7,5
KHB	20080708	1	08.07.2008	20	11	8	12	0	69	30,3	14,4	36,2	5,9
KHB	20080709	1	09.07.2008	13	5	3	10	0	70	28,3	16,6	35,3	7,0
KHB	20080710	3	10.07.2008	17	12	8	9	1	71	27,2	12,8	32,4	5,2
KHB	20080711	1	11.07.2008	21	11	9	12	0	72	29,5	12,0	34,3	4,8
KHB	20080712	3	12.07.2008	28	14	13	15	1	73	32,2	18,0	39,9	7,7
KHB	20080713	3	13.07.2008	19	8	8	11	2	74	32,1	16,8	39,1	7,0
KHB	20080714	6	14.07.2008	29	15	17	12	0	75	26,9	22,9	37,8	10,9
KHB	20080715	1	15.07.2008	21	7	8	13	0	76	32,1	17,2	39,4	7,3
KHB	20080716	6	16.07.2008	27	19	13	14	0	77	27,1	18,7	35,3	8,2
KHB	20080717	5	17.07.2008	24	14	13	11	0	78	17,3	17,3	24,7	7,4
KHB	20080718	1	18.07.2008	14	9	2	12	0	79	24,3	15,5	30,7	6,4
KHB	20080719	1	19.07.2008	20	7	12	8	0	80	24,7	15,6	31,2	6,5
KHB	20080720	4	20.07.2008	19	12	11	8	0	81	24,7	19,5	33,4	8,7
KHB	20080721	4	21.07.2008	18	10	12	6	0	82	27,5	21,1	37,2	9,7
KHB	20080722	1	22.07.2008	14	7	3	11	0	83	29,6	19,0	37,9	8,3
KHB	20080723	4	23.07.2008	16	8	6	10	0	84	27,1	19,9	36,0	8,9
KHB	20080724	0	24.07.2008	28	15	14	14	0	85	28,9	17,1	36,1	7,2
KHB	20080725	0	25.07.2008	25	15	12	13	0	86	30,6	20,8	40,1	9,5
KHB	20080726	3	26.07.2008	19	13	8	11	1	87	33,2	18,2	41,0	7,8
KHB	20080727	3	27.07.2008	23	11	11	12	2	88	32,6	16,4	39,4	6,8
KHB	20080728	3	28.07.2008	26	15	5	21	3	89	30	18,8	38,2	8,2
KHB	20080729	67	29.07.2008	17	9	9	8	4	90	31,8	23,3	43,0	11,2
KHB	20080730	4	30.07.2008	17	8	10	7	0	91	24,5	22,4	35,1	10,6
KHB	20080731	4	31.07.2008	17	11	10	7	0	92	24,3	21,6	34,3	10,0
KHB	20080801	6	01.08.2008	19	11	13	6	0	93	27,8	20,6	37,1	9,3
KHB	20080802	4	02.08.2008	22	12	12	10	0	94	21,4	20,4	30,6	9,2
KHB	20080803	4	03.08.2008	17	10	8	9	0	95	22,8	19,0	31,2	8,4
KHB	20080804	6	04.08.2008	15	7	6	9	0	96	27,1	18,7	35,3	8,2
KHB	20080805	4	05.08.2008	24	14	15	9	0	97	25,7	21,8	35,9	10,2
KHB	20080806	6	06.08.2008	19	9	5	14	0	98	27,8	19,3	36,3	8,5
KHB	20080807	1	07.08.2008	18	10	7	11	0	99	27,5	14,9	33,6	6,1
KHB	20080808	1	08.08.2008	16	7	7	9	0	100	25,4	14,5	31,3	5,9
KHB	20080809	6	09.08.2008	28	13	9	19	0	101	26,1	16,4	33,0	6,9
KHB	20080810	4	10.08.2008	16	7	6	10	0	102	25,6	22,1	36,0	10,4
KHB	20080811	66	11.08.2008	21	13	13	8	1	103	27,9	22,1	38,3	10,4
KHB	20080812	4	12.08.2008	21	10	9	12	0	104	25	16,7	32,0	7,0
KHB	20080813	1	13.08.2008	22	11	11	11	0	105	27,4	16,4	34,3	6,9
KHB	20080814	4	14.08.2008	14	6	3	11	0	106	21,4	16,8	28,5	7,1
KHB	20080815	4	15.08.2008	14	7	4	10	0	107	22,2	14,8	28,3	6,1
KHB	20080816	1	16.08.2008	17	12	5	12	0	108	23,1	13,6	28,6	5,5
KHB	20080817	5	17.08.2008	13	9	9	4	0	109	18,2	18,2	26,1	7,9
KHB	20080818	4	18.08.2008	16	7	6	10	0	110	23,8	18,2	31,7	7,9
KHB	20080819	1	19.08.2008	14	5	7	7	0	111	24,1	10,4	28,4	4,3
KHB	20080820	1	20.08.2008	13	3	5	8	0	112	24,4	13,3	29,8	5,4
KHB	20080821	1	21.08.2008	21	11	9	12	0	113	26,8	18,4	34,8	8,0
KHB	20080822	1	22.08.2008	18	11	5	13	0	114	27,6	15,9	34,2	6,6
KHB	20080823	1	23.08.2008	24	11	14	10	0	115	22,4	9,2	26,3	3,9
KHB	20080824	1	24.08.2008	23	13	11	12	0	116	19,9	10,9	24,4	4,5
KHB	20080825	4	25.08.2008	21	13	12	9	0	117	20,5	14,6	26,5	6,0
KHB	20080826	4	26.08.2008	18	13	8	10	0	118	22,3	14,4	28,2	5,9
KHB	20080827	1	27.08.2008	19	11	6	13	0	119	27,1	16,1	33,8	6,7
KHB	20080828	3	28.08.2008	15	8	9	6	1	120	29,1	12,5	34,1	5,0
KHB	20080829	4	29.08.2008	16	9	6	10	0	121	20,3	19,1	28,7	8,4
KHB	20080830	4	30.08.2008	20	11	12	8	0	122	24,7	18,2	32,6	7,9
KHB	20080831	4	31.08.2008	21	12	10	11	0	123	24,9	19,9	33,8	8,9
KHB	20090601	5	01.06.2009	14	7	4	10	0	32	11,6	10,2	15,9	4,3
KHB	20090602	4	02.06.2009	19	8	8	11	0	33	18,2	8,8	22,0	3,8
KHB	20090603	5	03.06.2009	19	11	9	10	0	34	14,1	13,3	19,6	5,5
KHB	20090604	5	04.06.2009	22	11	13	9	0	35	13,3	12,5	18,4	5,1
KHB	20090605	1	05.06.2009	25	14	12	13	0	36	21,4	12,2	26,4	5,0
KHB	20090606	1	06.06.2009	20	10	6	14	0	37	23,1	10,6	27,5	4,4
KHB	20090607	4	07.06.2009	23	11	11	12	0	38	18,1	14,8	24,2	6,1
KHB	20090608	6	08.06.2009	15	3	6	9	0	39	22,7	13,1	28,0	5,3
KHB	20090609	6	09.06.2009	17	9	8	9	0	40	22,7	12,7	27,9	5,2
KHB	20090610	4	10.06.2009	17	10	7	10	0	41	23,2	15,1	29,4	6,2
KHB	20090611	4	11.06.2009	21	14	5	16	0	42	19,6	13,7	25,2	5,6
KHB	20090612	4	12.06.2009	20	12	10	10	0	43	18,2	11,4	22,9	4,7
KHB	20090613	2	13.06.2009	20	16	11	9	0	44	18,8	11,6	23,6	4,8
KHB	20090614	1	14.06.2009	22	13	9	13	0	45	19,9	7,6	23,4	3,5
KHB	20090615	1	15.06.2009	27	15	13	14	0	46	19,6	9,8	23,7	4,1
KHB	20090616	4	16.06.2009	29	16	12	17	0	47	18,5	11,3	23,2	4,7
KHB	20090617	1	17.06.2009	21	11	9	12	0	48	22,8	6,7	26,1	3,3
KHB	20090618	1	18.06.2009	20	9	8	12	0	49	22,5	12,8	27,7	5,2
KHB	20090619	4	19.06.2009	17	6	6	11	0	50	19,7	12,9	25,0	5,3
KHB	20090620	4	20.06.2009	25	21	14	11	0	51	17,4	16,3	24,3	6,9
KHB	20090621	4	21.06.2009	28	16	15	13	0	52	21,5	14,3	27,4	5,9
KHB	20090622	1	22.06.2009	23	10	8	15	0	53	23,4	13,8	29,0	5,6
KHB	20090623	5	23.06.2009	16	8	6	10	0	54	18,5	15,2	24,8	6,3
KHB	20090624	5	24.06.2009	25	12	11	14	0	55	16,7	14,5	22,7	6,0
KHB	20090625	5	25.06.2009	30	14	17	13	0	56	16,1	14,6	22,1	6,0
KHB	20090626	5	26.06.2009	23	12	8	15	0	57	19,2	14,1	25,0	5,8
KHB	20090627	4	27.06.2009	23	13	12	11	0	58	21	14,4	26,9	5,9
KHB	20090628	0	28.06.2009	19	12	7	12	0	59	17,5	16,0	24,2	6,7
KHB	20090629	4	29.06.2009	22	6	6	16	0	60	20,9	17,5	28,4	7,5
KHB	20090630	0	30.06.2009	11	8	7	4	0	61	17,6	16,8	24,7	7,1
KHB	20090701	4	01.07.2009	13	7	4	9	0	62	20,7	15,7	27,2	6,5
KHB	20090702	4	02.07.2009	25	11	10	15	0	63	21,7	14,9	27,8	6,1
KHB	20090703	4	03.07.2009	26	18	11	15	0	64	23,3	17,5	30,8	7,5
KHB	20090704	1	04.07.2009	15	10	8	7	0	65	26,8	16,7	33,8	7,0
KHB	20090705	0	05.07.2009	34	14	16	18	0	66	27,3	19,5	35,9	8,6
KHB	20090706	0	06.07.2009	17	10	9	8	0	67	29,3	19,4	37,9	8,6
KHB	20090707	6	07.07.2009	23	14	13	10	0	68	26,6	19,3	35,1	8,5
KHB	20090708	4	08.07.2009	19	14	10	9	0	69	24,8	16,6	31,8	7,0
KHB	20090709	4	09.07.2009	16	7	7	9	0	70	22,5	18,4	30,5	8,0
KHB	20090710	5	10.07.2009	17	7	10	7	0	71	17,6	15,1	23,9	6,3
KHB	20090711	1	11.07.2009	16	5	5	11	0	72	22,7	14,2	28,5	5,8
KHB	20090712	1	12.07.2009	25	13	9	16	0	73	25,8	16,6	32,8	7,0
KHB	20090713	1	13.07.2009	18	9	5	13	0	74	25,8	19,2	34,3	8,5
KHB	20090714	4	14.07.2009	14	7	5	9	0	75	20,2	19,5	28,9	8,7
KHB	20090715	5	15.07.2009	17	11	11	6	0	76	17,5	16,8	24,6	7,1
KHB	20090716	5	16.07.2009	20	10	5	15	0	77	20,2	13,3	25,6	5,4
KHB	20090717	5	17.07.2009	18	10	4	14	0	78	18,3	15,5	24,8	6,5
KHB	20090718	4	18.07.2009	19	11	13	6	0	79	24,1	16,6	31,1	7,0
KHB	20090719	4	19.07.2009	17	9	7	10	0	80	22,7	18,2	30,6	7,9
KHB	20090720	4	20.07.2009	16	8	10	6	0	81	23,3	17,9	31,0	7,7
KHB	20090721	4	21.07.2009	11	4	5	6	0	82	20,4	15,1	26,6	6,2
KHB	20090722	4	22.07.2009	24	15	10	14	0	83	22,3	13,5	27,8	5,5
KHB	20090723	4	23.07.2009	27	19	17	10	0	84	23,3	16,5	30,2	6,9
KHB	20090724	4	24.07.2009	15	6	6	9	0	85	23,7	20,2	32,8	9,1
KHB	20090725	4	25.07.2009	15	10	9	6	0	86	26,3	20,6	35,7	9,4
KHB	20090726	4	26.07.2009	21	11	12	9	0	87	27	21,5	37,0	10,0
KHB	20090727	1	27.07.2009	22	15	9	13	0	88	28,9	18,1	36,7	7,8
KHB	20090728	4	28.07.2009	23	9	14	9	0	89	20,8	20,8	30,3	9,5
KHB	20090729	4	29.07.2009	15	8	6	9	0	90	25,7	22,0	36,0	10,3
KHB	20090730	4	30.07.2009	23	16	15	8	0	91	24,7	18,5	32,7	8,0
KHB	20090731	1	31.07.2009	29	16	13	16	0	92	28,2	21,9	38,4	10,2
KHB	20090801	4	01.08.2009	21	10	13	8	0	93	26,3	24,0	38,1	11,8
KHB	20090802	6	02.08.2009	26	16	17	9	0	94	27,3	24,3	39,3	12,0
KHB	20090803	4	03.08.2009	15	8	5	10	0	95	24,1	23,1	35,2	11,1
KHB	20090804	6	04.08.2009	28	20	16	12	0	96	26,8	18,9	35,1	8,3
KHB	20090805	66	05.08.2009	19	8	8	11	1	97	28,7	23,4	40,0	11,3
KHB	20090806	6	06.08.2009	23	15	6	17	0	98	25	23,9	36,7	11,7
KHB	20090807	6	07.08.2009	26	15	11	15	0	99	28,6	22,6	39,3	10,7
KHB	20090808	66	08.08.2009	19	6	8	11	1	100	30,6	22,7	41,4	10,8
KHB	20090809	67	09.08.2009	17	13	7	10	2	101	31	24,2	42,9	11,9
KHB	20090810	67	10.08.2009	24	16	12	12	3	102	31,3	24,4	43,4	12,1
KHB	20090811	67	11.08.2009	32	23	22	10	4	103	31,1	23,8	42,7	11,6
KHB	20090812	4	12.08.2009	30	17	15	15	0	104	26	22,9	37,0	11,0
KHB	20090813	4	13.08.2009	21	12	9	12	0	105	19,2	19,2	27,7	8,5
KHB	20090814	5	14.08.2009	18	13	13	5	0	106	18,8	18,3	26,8	8,0
KHB	20090815	5	15.08.2009	26	20	14	12	0	107	18,3	16,7	25,4	7,1
KHB	20090816	4	16.08.2009	20	12	11	9	0	108	20,5	15,7	27,0	6,5
KHB	20090817	1	17.08.2009	19	9	6	13	0	109	22,5	16,2	29,3	6,8
KHB	20090818	4	18.08.2009	18	7	8	10	0	110	18,9	18,1	26,7	7,8
KHB	20090819	4	19.08.2009	18	11	11	7	0	111	23,6	18,2	31,5	7,9
KHB	20090820	4	20.08.2009	16	9	5	11	0	112	19,2	19,2	27,7	8,5
KHB	20090821	4	21.08.2009	19	11	8	11	0	113	17,8	16,9	25,0	7,2
KHB	20090822	5	22.08.2009	17	11	8	9	0	114	17,1	12,0	22,0	4,9
KHB	20090823	2	23.08.2009	24	12	11	13	0	115	19,3	10,6	23,7	4,4
KHB	20090824	1	24.08.2009	17	8	6	11	0	116	22,7	12,8	27,9	5,2
KHB	20090825	1	25.08.2009	22	13	7	15	0	117	24,2	14,0	29,9	5,7
KHB	20090826	4	26.08.2009	23	10	10	13	0	118	17,1	16,4	24,0	6,9
KHB	20090827	4	27.08.2009	26	12	8	18	0	119	22,6	15,7	29,1	6,5
KHB	20090828	7	28.08.2009	25	11	7	18	0	120	17,7	16,4	24,6	6,9
KHB	20090829	5	29.08.2009	27	17	14	13	0	121	12,8	6,6	16,1	3,3
KHB	20090830	1	30.08.2009	18	11	6	12	0	122	21,7	13,1	27,0	5,3
KHB	20090831	1	31.08.2009	24	17	14	10	0	123	23,3	13,8	28,9	5,6
KHB	20100601	1	01.06.2010	25	16	13	12	0	32	22,1	7,8	25,7	3,6
KHB	20100602	4	02.06.2010	30	17	15	15	0	33	18,2	12,7	23,4	5,2
KHB	20100603	1	03.06.2010	19	8	9	10	0	34	23	8,6	26,8	3,8
KHB	20100604	3	04.06.2010	20	9	9	11	1	35	24,9	15,2	31,2	6,3
KHB	20100605	3	05.06.2010	19	10	8	11	2	36	29,2	14,1	34,9	5,7
KHB	20100606	7	06.06.2010	29	13	17	12	0	37	23,9	4,0	26,7	2,8
KHB	20100607	1	07.06.2010	18	7	8	10	0	38	22	9,3	26,0	4,0
KHB	20100608	3	08.06.2010	15	8	6	9	1	39	28,1	16,9	35,2	7,1
KHB	20100609	3	09.06.2010	23	8	8	15	2	40	24,3	6,5	27,5	3,2
KHB	20100610	3	10.06.2010	34	15	15	19	3	41	28,7	8,5	32,4	3,7
KHB	20100611	3	11.06.2010	26	13	14	12	4	42	32,1	13,0	37,3	5,2
KHB	20100612	3	12.06.2010	29	15	10	19	5	43	33,8	15,3	40,1	6,3
KHB	20100613	66	13.06.2010	28	17	14	14	6	44	28,7	18,9	37,0	8,3
KHB	20100614	3	14.06.2010	19	12	6	13	7	45	29,7	15,8	36,2	6,5
KHB	20100615	3	15.06.2010	23	13	11	12	8	46	29,7	15,7	36,2	6,5
KHB	20100616	6	16.06.2010	23	13	15	8	0	47	26,7	18,6	34,8	8,1
KHB	20100617	6	17.06.2010	28	15	9	19	0	48	25	18,6	33,1	8,1
KHB	20100618	6	18.06.2010	22	11	7	15	0	49	27,2	18,2	35,1	7,9
KHB	20100619	6	19.06.2010	32	19	18	14	0	50	30,2	18,9	38,5	8,3
KHB	20100620	6	20.06.2010	18	8	8	10	0	51	25,1	18,0	32,9	7,8
KHB	20100621	4	21.06.2010	14	8	7	7	0	52	18,6	14,5	24,6	6,0
KHB	20100622	4	22.06.2010	18	12	9	9	0	53	19,8	13,1	25,1	5,3
KHB	20100623	6	23.06.2010	21	14	6	15	0	54	24,2	16,8	31,3	7,1
KHB	20100624	6	24.06.2010	26	10	6	20	0	55	27,5	17,3	34,8	7,3
KHB	20100625	66	25.06.2010	14	4	5	9	1	56	31,9	22,9	42,8	10,9
KHB	20100626	3	26.06.2010	37	18	20	17	2	57	34,2	21,5	44,1	9,9
KHB	20100627	3	27.06.2010	27	14	9	18	3	58	35,1	21,2	44,8	9,7
KHB	20100628	66	28.06.2010	21	11	11	10	4	59	31,5	23,4	42,8	11,3
KHB	20100629	67	29.06.2010	24	13	8	16	5	60	30,7	22,6	41,4	10,7
KHB	20100630	66	30.06.2010	35	19	15	20	6	61	29,9	21,1	39,6	9,7
KHB	20100701	66	01.07.2010	21	15	10	11	7	62	29,3	21,7	39,4	10,1
KHB	20100702	66	02.07.2010	26	15	12	14	8	63	29,3	21,9	39,5	10,2
KHB	20100703	66	03.07.2010	22	11	12	10	9	64	26,4	20,6	35,8	9,4
KHB	20100704	5	04.07.2010	23	10	10	13	0	65	19,3	14,5	25,3	6,0
KHB	20100705	5	05.07.2010	17	10	7	10	0	66	17,9	13,4	23,4	5,5
KHB	20100706	5	06.07.2010	26	17	11	15	0	67	18	13,7	23,6	5,6
KHB	20100707	4	07.07.2010	13	6	7	6	0	68	20,1	12,0	25,0	4,9
KHB	20100708	5	08.07.2010	16	11	12	4	0	69	18,8	14,3	24,7	5,9
KHB	20100709	1	09.07.2010	13	4	4	9	0	70	23,6	15,2	29,9	6,3
KHB	20100710	1	10.07.2010	28	16	12	16	0	71	25,7	14,9	31,8	6,1
KHB	20100711	1	11.07.2010	13	6	7	6	0	72	28,1	15,6	34,5	6,4
KHB	20100712	6	12.07.2010	22	12	9	13	0	73	26,5	19,0	34,8	8,3
KHB	20100713	4	13.07.2010	26	10	9	17	0	74	24,3	15,9	30,9	6,6
KHB	20100714	1	14.07.2010	22	16	9	13	0	75	25,7	16,8	32,8	7,1
KHB	20100715	6	15.07.2010	15	4	3	12	0	76	25,2	19,8	34,0	8,8
KHB	20100716	3	16.07.2010	26	12	8	18	0	77	28,8	20,6	38,1	9,3
KHB	20100717	6	17.07.2010	21	8	10	11	0	78	26,6	20,4	35,8	9,2
KHB	20100718	6	18.07.2010	26	12	12	14	0	79	27,9	21,6	37,9	10,0
KHB	20100719	4	19.07.2010	19	11	8	11	0	80	23,4	20,6	32,8	9,4
KHB	20100720	4	20.07.2010	19	7	5	14	0	81	24,2	20,1	33,2	9,0
KHB	20100721	4	21.07.2010	18	8	8	10	0	82	21,1	20,3	30,3	9,2
KHB	20100722	4	22.07.2010	17	8	6	11	0	83	23,8	17,8	31,4	7,6
KHB	20100723	4	23.07.2010	29	19	15	14	0	84	22,6	17,2	29,9	7,3
KHB	20100724	4	24.07.2010	19	12	8	11	0	85	23,1	15,9	29,7	6,6
KHB	20100725	1	25.07.2010	23	10	6	17	0	86	26,8	22,0	37,1	10,3
KHB	20100726	3	26.07.2010	24	10	9	15	1	87	27,6	21,6	37,6	10,0
KHB	20100727	3	27.07.2010	22	9	8	14	2	88	25,5	13,6	31,0	5,5
KHB	20100728	4	28.07.2010	14	6	7	7	0	89	22,1	18,7	30,3	8,2
KHB	20100729	4	29.07.2010	21	9	7	14	0	90	22,9	17,0	30,1	7,2
KHB	20100730	4	30.07.2010	22	13	12	10	0	91	23,8	19,6	32,5	8,7
KHB	20100731	4	31.07.2010	16	8	6	10	0	92	24,4	19,5	33,1	8,7
KHB	20100801	4	01.08.2010	27	11	10	17	0	93	22	16,9	29,2	7,2
KHB	20100802	6	02.08.2010	21	9	10	11	0	94	24,4	15,5	30,8	6,4
KHB	20100803	1	03.08.2010	20	9	12	8	0	95	25,1	16,2	31,9	6,8
KHB	20100804	6	04.08.2010	25	14	10	15	0	96	25,2	18,0	33,0	7,8
KHB	20100805	4	05.08.2010	19	11	10	9	0	97	21,4	21,4	31,3	9,9
KHB	20100806	4	06.08.2010	25	13	16	9	0	98	25,9	21,0	35,5	9,6
KHB	20100807	1	07.08.2010	28	14	12	16	0	99	25,2	15,2	31,5	6,3
KHB	20100808	0	08.08.2010	24	10	12	12	0	100			2,7	2,7
KHB	20100809	4	09.08.2010	19	9	9	10	0	101	25,7	18,9	34,0	8,3
KHB	20100810	6	10.08.2010	18	10	5	13	0	102	26,7	19,8	35,5	8,8
KHB	20100811	4	11.08.2010	17	10	7	10	0	103	26,8	18,6	34,9	8,1
KHB	20100812	4	12.08.2010	16	7	7	9	0	104	23,3	20,4	32,5	9,2
KHB	20100813	5	13.08.2010	14	8	7	7	0	105	19,1	13,3	24,5	5,4
KHB	20100814	4	14.08.2010	32	13	14	18	0	106	19,8	14,2	25,6	5,8
KHB	20100815	5	15.08.2010	14	10	9	5	0	107	18,1	17,3	25,5	7,4
KHB	20100816	5	16.08.2010	20	14	10	10	0	108	17	17,0	24,2	7,2
KHB	20100817	1	17.08.2010	16	7	12	4	0	109	24,8	14,1	30,6	5,8
KHB	20100818	1	18.08.2010	15	9	7	8	0	110	27,5	16,4	34,4	6,9
KHB	20100819	3	19.08.2010	21	13	9	12	0	111	27,8	19,3	36,3	8,5
KHB	20100820	6	20.08.2010	16	11	10	6	0	112	25,6	21,9	35,8	10,2
KHB	20100821	6	21.08.2010	17	7	8	9	0	113	26,6	18,0	34,3	7,7
KHB	20100822	4	22.08.2010	23	11	11	12	0	114	23,6	16,5	30,5	6,9
KHB	20100823	4	23.08.2010	19	4	7	12	0	115	20,5	18,6	28,6	8,1
KHB	20100824	4	24.08.2010	25	16	14	11	0	116	21,3	16,4	28,2	6,9
KHB	20100825	1	25.08.2010	23	10	6	17	0	117	25,2	16,2	32,0	6,8
KHB	20100826	1	26.08.2010	14	6	3	11	0	118	27,3	20,2	36,4	9,1
KHB	20100827	3	27.08.2010	22	9	8	14	1	119	28,2	19,7	37,0	8,8
KHB	20100828	4	28.08.2010	14	7	9	5	0	120	24,3	19,0	32,6	8,3
KHB	20100829	4	29.08.2010	31	13	8	23	0	121	25,8	22,2	36,2	10,4
KHB	20100830	4	30.08.2010	22	10	9	13	0	122	24,7	17,6	32,2	7,5
KHB	20100831	4	31.08.2010	11	7	5	6	0	123	22,7	13,4	28,2	5,5
KHB	20110601	1	01.06.2011	29	18	14	15	0	32	18,4	5,4	21,5	3,1
KHB	20110602	1	02.06.2011	15	8	5	10	0	33	17,8	8,8	21,7	3,9
KHB	20110603	1	03.06.2011	19	14	9	10	0	34	20,2	7,8	23,8	3,6
KHB	20110604	4	04.06.2011	16	10	8	8	0	35	17,7	14,1	23,5	5,8
KHB	20110605	1	05.06.2011	28	13	11	17	0	36	23,3	10,1	27,5	4,2
KHB	20110606	1	06.06.2011	13	6	6	7	0	37	22,2	10,3	26,5	4,3
KHB	20110607	4	07.06.2011	18	11	5	13	0	38	21,4	14,0	27,1	5,7
KHB	20110608	4	08.06.2011	31	13	18	13	0	39	17,2	13,4	22,7	5,5
KHB	20110609	5	09.06.2011	23	16	6	17	0	40	15,4	15,0	21,6	6,2
KHB	20110610	4	10.06.2011	26	17	8	18	0	41	16,9	13,9	22,6	5,7
KHB	20110611	5	11.06.2011	19	15	11	8	0	42	14,8	11,1	19,4	4,6
KHB	20110612	5	12.06.2011	14	8	9	5	0	43	11,1	8,4	14,9	3,8
KHB	20110613	5	13.06.2011	15	9	6	9	0	44	16,6	11,4	21,3	4,7
KHB	20110614	1	14.06.2011	26	16	9	17	0	45	21,2	10,1	25,4	4,2
KHB	20110615	1	15.06.2011	20	11	9	11	0	46	24,5	12,1	29,4	4,9
KHB	20110616	6	16.06.2011	18	9	13	5	0	47	26,7	16,7	33,7	7,0
KHB	20110617	6	17.06.2011	18	9	7	11	0	48	25,2	19,6	33,9	8,7
KHB	20110618	1	18.06.2011	17	10	8	9	0	49	22,3	9,6	26,4	4,1
KHB	20110619	4	19.06.2011	17	10	10	7	0	50	18	17,4	25,5	7,5
KHB	20110620	5	20.06.2011	18	12	9	9	0	51	16,2	15,7	22,8	6,6
KHB	20110621	4	21.06.2011	26	15	9	17	0	52	19,4	18,9	27,7	8,3
KHB	20110622	5	22.06.2011	25	13	12	13	0	53	14,5	10,3	18,8	4,3
KHB	20110623	2	23.06.2011	18	9	9	9	0	54	19,4	7,0	22,8	3,4
KHB	20110624	5	24.06.2011	15	4	6	9	0	55	12,7	7,6	16,3	3,6
KHB	20110625	1	25.06.2011	22	9	9	13	0	56	21,1	12,0	26,0	4,9
KHB	20110626	1	26.06.2011	26	13	13	13	0	57	25,2	11,6	29,9	4,7
KHB	20110627	7	27.06.2011	17	6	7	10	0	58	25,9	14,1	31,6	5,7
KHB	20110628	4	28.06.2011	16	7	5	11	0	59	20,3	17,5	27,8	7,5
KHB	20110629	4	29.06.2011	21	12	10	11	0	60	22,8	19,1	31,2	8,4
KHB	20110630	6	30.06.2011	24	12	11	13	0	61	28,5	20,0	37,4	8,9
KHB	20110701	3	01.07.2011	29	20	13	16	0	62	30,3	22,1	40,7	10,4
KHB	20110702	66	02.07.2011	30	14	14	16	1	63	28,4	20,9	37,9	9,5
KHB	20110703	4	03.07.2011	22	11	12	10	0	64	23,3	19,0	31,7	8,4
KHB	20110704	4	04.07.2011	15	9	6	9	0	65	19,2	19,2	27,7	8,5
KHB	20110705	4	05.07.2011	20	6	6	14	0	66	21,7	13,7	27,3	5,6
KHB	20110706	1	06.07.2011	15	7	8	7	0	67	25,7	17,3	33,1	7,4
KHB	20110707	1	07.07.2011	18	8	11	7	0	68	26,2	16,3	33,0	6,8
KHB	20110708	4	08.07.2011	21	10	14	7	0	69	26	18,8	34,2	8,2
KHB	20110709	4	09.07.2011	25	14	10	15	0	70	25,4	17,3	32,8	7,4
KHB	20110710	4	10.07.2011	19	8	10	9	0	71	19,6	19,6	28,3	8,7
KHB	20110711	4	11.07.2011	20	11	12	8	0	72	26,1	19,1	34,5	8,4
KHB	20110712	4	12.07.2011	18	12	6	12	0	73	21,3	21,3	31,2	9,9
KHB	20110713	4	13.07.2011	21	15	6	15	0	74	25,9	18,0	33,6	7,7
KHB	20110714	6	14.07.2011	20	12	9	11	0	75	26,6	18,1	34,4	7,8
KHB	20110715	3	15.07.2011	16	12	9	7	0	76	28,9	16,1	35,6	6,7
KHB	20110716	6	16.07.2011	19	7	7	12	0	77	29	18,4	37,0	8,0
KHB	20110717	3	17.07.2011	29	15	12	17	1	78	29,6	16,5	36,5	6,9
KHB	20110718	3	18.07.2011	20	5	4	16	2	79	31	17,2	38,3	7,3
KHB	20110719	66	19.07.2011	26	13	9	17	3	80	31,3	16,4	38,1	6,8
KHB	20110720	3	20.07.2011	35	17	18	17	4	81	31,7	18,3	39,6	7,9
KHB	20110721	3	21.07.2011	30	17	15	15	5	82	28,6	21,6	38,6	10,0
KHB	20110722	66	22.07.2011	24	9	7	17	6	83	25,6	20,1	34,6	9,0
KHB	20110723	3	23.07.2011	27	15	11	16	7	84	30,1	19,6	38,8	8,7
KHB	20110724	3	24.07.2011	32	20	13	19	8	85	31,1	20,0	40,0	8,9
KHB	20110725	3	25.07.2011	29	13	10	19	9	86	31,6	19,5	40,2	8,6
KHB	20110726	3	26.07.2011	26	18	17	9	10	87	31,3	21,9	41,5	10,2
KHB	20110727	66	27.07.2011	25	10	9	16	11	88	29,1	22,6	39,8	10,7
KHB	20110728	3	28.07.2011	28	15	14	14	12	89	29,2	22,5	39,8	10,6
KHB	20110729	3	29.07.2011	17	9	11	6	13	90	30,6	22,7	41,4	10,8
KHB	20110730	3	30.07.2011	36	22	20	16	14	91	26,2	21,1	35,9	9,7
KHB	20110731	4	31.07.2011	26	15	9	17	0	92	23,1	21,6	33,1	10,0
KHB	20110801	6	01.08.2011	27	14	11	16	0	93	26,8	19,5	35,4	8,6
KHB	20110802	4	02.08.2011	22	11	10	12	0	94	25,8	21,0	35,4	9,6
KHB	20110803	6	03.08.2011	23	11	9	14	0	95	28,7	20,7	38,1	9,4
KHB	20110804	4	04.08.2011	17	10	7	10	0	96	21,2	20,1	30,3	9,1
KHB	20110805	4	05.08.2011	24	17	9	15	0	97	22,6	21,7	32,7	10,1
KHB	20110806	6	06.08.2011	23	15	15	8	0	98	28,9	21,3	38,7	9,8
KHB	20110807	66	07.08.2011	18	10	8	10	1	99	30,8	21,8	40,9	10,1
KHB	20110808	3	08.08.2011	23	10	7	16	0	100	30,2	23,2	41,3	11,1
KHB	20110809	66	09.08.2011	34	16	13	21	1	101	25,2	24,6	37,5	12,3
KHB	20110810	4	10.08.2011	25	11	13	12	0	102	23,3	23,0	34,3	11,0
KHB	20110811	4	11.08.2011	17	7	8	9	0	103	20,2	18,8	28,5	8,3
KHB	20110812	4	12.08.2011	24	13	8	16	0	104	22,7	16,0	29,4	6,7
KHB	20110813	5	13.08.2011	17	10	9	8	0	105	15,3	14,3	21,2	5,9
KHB	20110814	4	14.08.2011	19	13	8	11	0	106	22,3	12,9	27,5	5,2
KHB	20110815	4	15.08.2011	13	4	7	6	0	107	24,3	14,3	30,1	5,8
KHB	20110816	4	16.08.2011	21	12	11	10	0	108	22	12,1	26,9	4,9
KHB	20110817	1	17.08.2011	24	12	13	11	0	109	22	11,2	26,6	4,6
KHB	20110818	1	18.08.2011	22	16	13	9	0	110	24	11,9	28,8	4,8
KHB	20110819	4	19.08.2011	19	9	7	12	0	111	23,1	17,1	30,4	7,3
KHB	20110820	4	20.08.2011	23	10	9	14	0	112	22,6	16,8	29,7	7,1
KHB	20110821	4	21.08.2011	18	11	11	7	0	113	21,2	16,7	28,3	7,1
KHB	20110822	1	22.08.2011	23	9	11	12	0	114	22,6	13,3	28,0	5,4
KHB	20110823	1	23.08.2011	26	15	12	14	0	115	23,3	17,1	30,6	7,3
KHB	20110824	4	24.08.2011	20	13	9	11	0	116	22,3	16,4	29,2	6,9
KHB	20110825	1	25.08.2011	18	9	11	7	0	117	25,2	16,9	32,3	7,1
KHB	20110826	1	26.08.2011	24	12	11	13	0	118	26,7	19,6	35,4	8,7
KHB	20110827	6	27.08.2011	14	7	6	8	0	119	28,2	17,6	35,7	7,5
KHB	20110828	66	28.08.2011	19	9	8	11	1	120	28,4	19,2	36,8	8,4
KHB	20110829	6	29.08.2011	26	14	13	13	2	121	26,4	20,0	35,4	9,0
KHB	20110830	66	30.08.2011	21	17	12	9	3	122	26,9	21,5	36,9	10,0
KHB	20110831	4	31.08.2011	28	20	13	15	0	123	23,5	20,3	32,7	9,2
KHB	20120601	3	01.06.2012	24	15	13	11	3	32	28,1	10,1	32,3	4,2
KHB	20120602	3	02.06.2012	17	12	6	11	4	33	28,3	10,5	32,6	4,3
KHB	20120603	3	03.06.2012	33	22	15	18	5	34	26,1	13,1	31,4	5,3
KHB	20120604	3	04.06.2012	23	15	13	10	6	35	25,1	13,3	30,5	5,4
KHB	20120605	4	05.06.2012	20	11	8	12	0	36	21,5	15,0	27,7	6,2
KHB	20120606	4	06.06.2012	20	11	9	11	0	37	23,5	14,4	29,4	5,9
KHB	20120607	1	07.06.2012	21	12	11	10	0	38	23,5	12,1	28,4	4,9
KHB	20120608	4	08.06.2012	27	9	8	19	0	39	15,8	15,2	22,1	6,3
KHB	20120609	4	09.06.2012	26	15	11	15	0	40	16,6	14,7	22,7	6,1
KHB	20120610	4	10.06.2012	13	6	5	8	0	41	21,2	15,4	27,6	6,4
KHB	20120611	4	11.06.2012	27	14	14	13	0	42	15,7	13,4	21,2	5,5
KHB	20120612	4	12.06.2012	16	10	9	7	0	43	18,9	12,2	23,9	5,0
KHB	20120613	1	13.06.2012	19	13	4	15	0	44	22	10,9	26,5	4,5
KHB	20120614	1	14.06.2012	24	10	6	18	0	45	22,5	12,2	27,5	5,0
KHB	20120615	6	15.06.2012	17	10	8	9	0	46	22,7	15,6	29,2	6,5
KHB	20120616	6	16.06.2012	19	10	8	11	0	47	23,3	16,8	30,4	7,1
KHB	20120617	6	17.06.2012	21	14	8	13	0	48	23,2	16,0	29,9	6,7
KHB	20120618	6	18.06.2012	27	15	11	16	0	49	26,2	17,6	33,7	7,5
KHB	20120619	6	19.06.2012	21	5	7	14	0	50	27,1	16,4	34,0	6,9
KHB	20120620	6	20.06.2012	19	14	8	11	0	51	27,7	14,8	33,8	6,1
KHB	20120621	6	21.06.2012	27	14	9	18	0	52	27,4	16,6	34,4	7,0
KHB	20120622	6	22.06.2012	18	8	4	14	0	53	27,4	16,2	34,2	6,8
KHB	20120623	6	23.06.2012	19	11	10	9	0	54	28	17,2	35,3	7,3
KHB	20120624	6	24.06.2012	19	5	7	12	0	55	29,4	17,2	36,7	7,3
KHB	20120625	6	25.06.2012	24	10	14	10	0	56	28,1	20,6	37,4	9,3
KHB	20120626	3	26.06.2012	19	8	9	10	1	57	31	14,1	36,7	5,7
KHB	20120627	3	27.06.2012	23	8	11	12	2	58	31,3	14,2	37,1	5,8
KHB	20120628	3	28.06.2012	23	9	11	12	3	59	32,8	12,7	37,9	5,1
KHB	20120629	3	29.06.2012	27	19	14	13	4	60	32,5	14,6	38,4	5,9
KHB	20120630	6	30.06.2012	35	20	19	16	0	61	27,9	15,6	34,3	6,4
KHB	20120701	4	01.07.2012	23	13	10	13	0	62	21,2	16,4	28,1	6,9
KHB	20120702	4	02.07.2012	30	11	7	23	0	63	22,7	17,0	29,9	7,2
KHB	20120703	4	03.07.2012	14	10	6	8	0	64	26,5	19,3	35,0	8,5
KHB	20120704	6	04.07.2012	21	11	7	14	0	65	25,4	19,8	34,2	8,8
KHB	20120705	4	05.07.2012	21	13	10	11	0	66	26,9	19,9	35,8	8,9
KHB	20120706	6	06.07.2012	23	13	12	11	0	67	28,9	17,5	36,3	7,4
KHB	20120707	6	07.07.2012	14	12	8	6	0	68	27,3	21,6	37,3	10,0
KHB	20120708	4	08.07.2012	13	8	7	6	0	69	23,2	18,2	31,1	7,9
KHB	20120709	1	09.07.2012	22	9	7	15	0	70	26,3	14,5	32,2	5,9
KHB	20120710	5	10.07.2012	15	7	6	9	0	71	18	17,7	25,6	7,6
KHB	20120711	1	11.07.2012	14	5	7	7	0	72	25	15,2	31,3	6,3
KHB	20120712	1	12.07.2012	18	8	7	11	0	73	22,6	14,0	28,3	5,7
KHB	20120713	2	13.07.2012	22	9	7	15	0	74	20,7	12,9	26,0	5,3
KHB	20120714	5	14.07.2012	14	8	5	9	0	75	17,3	16,3	24,2	6,9
KHB	20120715	5	15.07.2012	21	10	11	10	0	76	19,7	15,7	26,2	6,5
KHB	20120716	1	16.07.2012	19	10	11	8	0	77	25,8	13,8	31,4	5,6
KHB	20120717	1	17.07.2012	12	6	6	6	0	78	30,5	19,8	39,3	8,8
KHB	20120718	66	18.07.2012	24	15	9	15	1	79	31,8	18,6	39,9	8,1
KHB	20120719	66	19.07.2012	23	16	10	13	2	80	31,6	20,1	40,6	9,0
KHB	20120720	4	20.07.2012	24	17	10	14	0	81	25,3	19,3	33,8	8,5
KHB	20120721	1	21.07.2012	24	9	5	19	0	82	28	17,1	35,2	7,2
KHB	20120722	4	22.07.2012	15	8	6	9	0	83	24,2	19,1	32,6	8,4
KHB	20120723	4	23.07.2012	21	8	11	10	0	84	25,1	20,0	34,1	9,0
KHB	20120724	4	24.07.2012	21	13	11	10	0	85	24,7	21,9	34,9	10,2
KHB	20120725	3	25.07.2012	30	17	14	16	1	86	31,1	19,7	39,8	8,7
KHB	20120726	4	26.07.2012	15	11	8	7	0	87	26,3	24,9	38,8	12,5
KHB	20120727	4	27.07.2012	18	9	11	7	0	88	26	22,6	36,7	10,7
KHB	20120728	5	28.07.2012	21	11	8	13	0	89	17,7	15,6	24,2	6,5
KHB	20120729	5	29.07.2012	21	9	7	14	0	90	18,2	16,1	25,0	6,8
KHB	20120730	5	30.07.2012	10	6	7	3	0	91	17	17,0	24,2	7,2
KHB	20120731	5	31.07.2012	17	6	10	7	0	92	15,3	15,3	21,7	6,4
KHB	20120801	5	01.08.2012	19	12	9	10	0	93	16,7	16,7	23,8	7,1
KHB	20120802	4	02.08.2012	17	8	7	10	0	94	23,5	15,6	30,0	6,5
KHB	20120803	6	03.08.2012	16	12	6	10	0	95	25,4	19,3	33,9	8,5
KHB	20120804	6	04.08.2012	19	9	9	10	0	96	26,5	20,6	35,8	9,3
KHB	20120805	6	05.08.2012	16	9	7	9	0	97	27,1	20,6	36,4	9,3
KHB	20120806	6	06.08.2012	30	18	15	15	0	98	27,9	20,4	37,1	9,2
KHB	20120807	66	07.08.2012	22	16	13	9	1	99	30,2	24,1	42,0	11,8
KHB	20120808	66	08.08.2012	22	12	12	10	2	100	30,5	20,5	39,8	9,3
KHB	20120809	6	09.08.2012	20	11	14	6	0	101	25,2	22,1	35,6	10,4
KHB	20120810	6	10.08.2012	18	11	10	8	0	102	26	18,0	33,7	7,7
KHB	20120811	1	11.08.2012	19	10	8	11	0	103	26,5	15,5	32,9	6,4
KHB	20120812	0	12.08.2012	16	7	6	10	0	104	20,9	16,0	27,6	6,7
KHB	20120813	1	13.08.2012	17	7	6	11	0	105	22,4	12,6	27,5	5,1
KHB	20120814	1	14.08.2012	13	8	7	6	0	106	25,6	15,0	31,8	6,2
KHB	20120815	4	15.08.2012	24	12	14	10	0	107	24,1	17,9	31,8	7,7
KHB	20120816	1	16.08.2012	20	13	10	10	0	108	24,4	9,2	28,3	3,9
KHB	20120817	1	17.08.2012	13	5	2	11	0	109	27,1	10,3	31,4	4,3
KHB	20120818	1	18.08.2012	16	10	8	8	0	110	27,4	19,3	35,9	8,5
KHB	20120819	4	19.08.2012	17	9	9	8	0	111	20,3	20,2	29,4	9,1
KHB	20120820	6	20.08.2012	22	11	10	12	0	112	27,3	19,5	35,9	8,6
KHB	20120821	7	21.08.2012	14	6	7	7	0	113	23,6	21,7	33,7	10,1
KHB	20120822	5	22.08.2012	17	10	7	10	0	114	15,4	13,1	20,8	5,4
KHB	20120823	1	23.08.2012	16	12	8	8	0	115	22,7	11,2	27,3	4,6
KHB	20120824	1	24.08.2012	23	17	13	10	0	116	25,7	9,5	29,7	4,0
KHB	20120825	1	25.08.2012	34	17	15	19	0	117	27,6	16,7	34,6	7,0
KHB	20120826	6	26.08.2012	14	12	5	9	0	118	26,8	21,3	36,6	9,8
KHB	20120827	3	27.08.2012	18	10	5	13	1	119	29,2	11,8	34,0	4,8
KHB	20120828	6	28.08.2012	19	12	11	8	0	120	26,7	22,0	37,0	10,3
KHB	20120829	7	29.08.2012	24	10	10	14	0	121	21,2	21,2	31,0	9,8
KHB	20120830	7	30.08.2012	26	11	10	16	0	122	19,5	14,5	25,5	6,0
KHB	20120831	1	31.08.2012	9	6	5	4	0	123	23,4	15,4	29,8	6,4